0 0 0 0
0.005 0.0001 0.0001 0.0001
0.01 0.0002 0.0002 0.0002
0.015 0.0003 0.0003 0.0003
0.02 0.0004 0.0004 0.0004
0.025 0.0005 0.0005 0.0005
0.03 0.0006 0.0006 0.0006
0.035 0.0007 0.0007 0.0007
0.04 0.0008 0.0008 0.0008
0.045 0.0009 0.0009 0.0009
0.05 0.001 0.001 0.001
0.055 0.0011 0.0011 0.0011
0.06 0.0012 0.0012 0.0012
0.065 0.0013 0.0013 0.0013
0.07 0.0014 0.0014 0.0014
0.075 0.0015 0.0015 0.0015
0.08 0.0016 0.0016 0.0016
0.085 0.0017 0.0017 0.0017
0.09 0.0018 0.0018 0.0018
0.095 0.0019 0.0019 0.0019
0.1 0.002 0.002 0.002
0.105 0.0021 0.0021 0.0021
0.11 0.0022 0.0022 0.0022
0.115 0.0023 0.0023 0.0023
0.12 0.0024 0.0024 0.0024
0.125 0.0025 0.0025 0.0025
0.13 0.0026 0.0026 0.0026
0.135 0.0027 0.0027 0.0027
0.14 0.0028 0.0028 0.0028
0.145 0.0029 0.0029 0.0029
0.15 0.003 0.003 0.003
0.155 0.0031 0.0031 0.0031
0.16 0.0032 0.0032 0.0032
0.165 0.0033 0.0033 0.0033
0.17 0.0034 0.0034 0.0034
0.175 0.0035 0.0035 0.0035
0.18 0.0036 0.0036 0.0036
0.185 0.0037 0.0037 0.0037
0.19 0.0038 0.0038 0.0038
0.195 0.0039 0.0039 0.0039
0.2 0.004 0.004 0.004
0.205 0.0041 0.0041 0.0041
0.21 0.0042 0.0042 0.0042
0.215 0.0043 0.0043 0.0043
0.22 0.0044 0.0044 0.0044
0.225 0.0045 0.0045 0.0045
0.23 0.0046 0.0046 0.0046
0.235 0.0047 0.0047 0.0047
0.24 0.0048 0.0048 0.0048
0.245 0.0049 0.0049 0.0049
0.25 0.005 0.005 0.005
0.255 0.0051 0.0051 0.0051
0.26 0.0052 0.0052 0.0052
0.265 0.0053 0.0053 0.0053
0.27 0.0054 0.0054 0.0054
0.275 0.0055 0.0055 0.0055
0.28 0.0056 0.0056 0.0056
0.285 0.0057 0.0057 0.0057
0.29 0.0058 0.0058 0.0058
0.295 0.0059 0.0059 0.0059
0.3 0.006 0.006 0.006
0.305 0.0061 0.0061 0.0061
0.31 0.0062 0.0062 0.0062
0.315 0.0063 0.0063 0.0063
0.32 0.0064 0.0064 0.0064
0.325 0.0065 0.0065 0.0065
0.33 0.0066 0.0066 0.0066
0.335 0.0067 0.0067 0.0067
0.34 0.0068 0.0068 0.0068
0.345 0.0069 0.0069 0.0069
0.35 0.007 0.007 0.007
0.355 0.0071 0.0071 0.0071
0.36 0.0072 0.0072 0.0072
0.365 0.0073 0.0073 0.0073
0.37 0.0074 0.0074 0.0074
0.375 0.0075 0.0075 0.0075
0.38 0.0076 0.0076 0.0076
0.385 0.0077 0.0077 0.0077
0.39 0.0078 0.0078 0.0078
0.395 0.0079 0.0079 0.0079
0.4 0.008 0.008 0.008
0.405 0.0081 0.0081 0.0081
0.41 0.0082 0.0082 0.0082
0.415 0.0083 0.0083 0.0083
0.42 0.0084 0.0084 0.0084
0.425 0.0085 0.0085 0.0085
0.43 0.0086 0.0086 0.0086
0.435 0.0087 0.0087 0.0087
0.44 0.0088 0.0088 0.0088
0.445 0.0089 0.0089 0.0089
0.45 0.009 0.009 0.009
0.455 0.0091 0.0091 0.0091
0.46 0.0092 0.0092 0.0092
0.465 0.0093 0.0093 0.0093
0.47 0.0094 0.0094 0.0094
0.475 0.0095 0.0095 0.0095
0.48 0.0096 0.0096 0.0096
0.485 0.0097 0.0097 0.0097
0.49 0.0098 0.0098 0.0098
0.495 0.0099 0.0099 0.0099
0.5 0.01 0.00995 0.00995
0.505 0.0099 0.0099 0.0099
0.51 0.0098 0.0098 0.0098
0.515 0.0097 0.0097 0.0097
0.52 0.0096 0.0096 0.0096
0.525 0.0095 0.0095 0.0095
0.53 0.0094 0.0094 0.0094
0.535 0.0093 0.0093 0.0093
0.54 0.0092 0.0092 0.0092
0.545 0.0091 0.0091 0.0091
0.55 0.009 0.009 0.009
0.555 0.0089 0.0089 0.0089
0.56 0.0088 0.0088 0.0088
0.565 0.0087 0.0087 0.0087
0.57 0.0086 0.0086 0.0086
0.575 0.0085 0.0085 0.0085
0.58 0.0084 0.0084 0.0084
0.585 0.0083 0.0083 0.0083
0.59 0.0082 0.0082 0.0082
0.595 0.0081 0.0081 0.0081
0.6 0.008 0.008 0.008
0.605 0.0079 0.0079 0.0079
0.61 0.0078 0.0078 0.0078
0.615 0.0077 0.0077 0.0077
0.62 0.0076 0.0076 0.0076
0.625 0.0075 0.0075 0.0075
0.63 0.0074 0.0074 0.0074
0.635 0.0073 0.0073 0.0073
0.64 0.0072 0.0072 0.0072
0.645 0.0071 0.0071 0.0071
0.65 0.007 0.007 0.007
0.655 0.0069 0.0069 0.0069
0.66 0.0068 0.0068 0.0068
0.665 0.0067 0.0067 0.0067
0.67 0.0066 0.0066 0.0066
0.675 0.0065 0.0065 0.0065
0.68 0.0064 0.0064 0.0064
0.685 0.0063 0.0063 0.0063
0.69 0.0062 0.0062 0.0062
0.695 0.0061 0.0061 0.0061
0.7 0.006 0.006 0.006
0.705 0.0059 0.0059 0.0059
0.71 0.0058 0.0058 0.0058
0.715 0.0057 0.0057 0.0057
0.72 0.0056 0.0056 0.0056
0.725 0.0055 0.0055 0.0055
0.73 0.0054 0.0054 0.0054
0.735 0.0053 0.0053 0.0053
0.74 0.0052 0.0052 0.0052
0.745 0.0051 0.0051 0.0051
0.75 0.005 0.005 0.005
0.755 0.0049 0.0049 0.0049
0.76 0.0048 0.0048 0.0048
0.765 0.0047 0.0047 0.0047
0.77 0.0046 0.0046 0.0046
0.775 0.0045 0.0045 0.0045
0.78 0.0044 0.0044 0.0044
0.785 0.0043 0.0043 0.0043
0.79 0.0042 0.0042 0.0042
0.795 0.0041 0.0041 0.0041
0.8 0.004 0.004 0.004
0.805 0.0039 0.0039 0.0039
0.81 0.0038 0.0038 0.0038
0.815 0.0037 0.0037 0.0037
0.82 0.0036 0.0036 0.0036
0.825 0.0035 0.0035 0.0035
0.83 0.0034 0.0034 0.0034
0.835 0.0033 0.0033 0.0033
0.84 0.0032 0.0032 0.0032
0.845 0.0031 0.0031 0.0031
0.85 0.003 0.003 0.003
0.855 0.0029 0.0029 0.0029
0.86 0.0028 0.0028 0.0028
0.865 0.0027 0.0027 0.0027
0.87 0.0026 0.0026 0.0026
0.875 0.0025 0.0025 0.0025
0.88 0.0024 0.0024 0.0024
0.885 0.0023 0.0023 0.0023
0.89 0.0022 0.0022 0.0022
0.895 0.0021 0.0021 0.0021
0.9 0.002 0.002 0.002
0.905 0.0019 0.0019 0.0019
0.91 0.0018 0.0018 0.0018
0.915 0.0017 0.0017 0.0017
0.92 0.0016 0.0016 0.0016
0.925 0.0015 0.0015 0.0015
0.93 0.0014 0.0014 0.0014
0.935 0.0013 0.0013 0.0013
0.94 0.0012 0.0012 0.0012
0.945 0.0011 0.0011 0.0011
0.95 0.001 0.001 0.001
0.955 0.0009 0.0009 0.0009
0.96 0.000800001 0.000800001 0.000800001
0.965 0.000700001 0.000700001 0.000700001
0.97 0.000600001 0.000600001 0.000600001
0.975 0.000500001 0.000500001 0.000500001
0.98 0.000400001 0.000400001 0.000400001
0.985 0.000300001 0.000300001 0.000300001
0.99 0.000200002 0.000200001 0.000200001
0.995 9.99998e-05 0 0.000125
0 0 0 0
0.005 0.0001 -3.31723e-05 5.35122e-06
0.01 0.0002 -7.29322e-05 1.81684e-05
0.015 0.0003 -0.000109753 3.60478e-05
0.02 0.0004 -0.000152518 5.11735e-05
0.025 0.0005 -0.000194804 8.71054e-05
0.03 0.0006 -0.000237671 0.00011963
0.035 0.0007 -0.000270316 0.000147719
0.04 0.0008 -0.000297089 0.00018262
0.045 0.0009 -0.000310349 0.000206458
0.05 0.001 -0.000309584 0.000210179
0.055 0.0011 -0.000298798 0.000212516
0.06 0.0012 -0.000280061 0.000204523
0.065 0.0013 -0.00026463 0.000177184
0.07 0.0014 -0.000247609 0.000164448
0.075 0.0015 -0.000248471 0.00015162
0.08 0.0016 -0.000252333 0.000146978
0.085 0.0017 -0.000270146 0.000150357
0.09 0.0018 -0.000282167 0.000171953
0.095 0.0019 -0.000293332 0.000184663
0.1 0.002 -0.000300718 0.000188527
0.105 0.0021 -0.000281398 0.000201855
0.11 0.0022 -0.000277001 0.000185603
0.115 0.0023 -0.000263764 0.000172502
0.12 0.0024 -0.000254738 0.000162471
0.125 0.0025 -0.000261213 0.000160294
0.13 0.0026 -0.00027833 0.000158369
0.135 0.0027 -0.000281548 0.000174643
0.14 0.0028 -0.000288628 0.000187286
0.145 0.0029 -0.000289648 0.000186907
0.15 0.003 -0.000272209 0.000187583
0.155 0.0031 -0.000264943 0.000172515
0.16 0.0032 -0.000261292 0.000167729
0.165 0.0033 -0.00027175 0.00016036
0.17 0.0034 -0.000273806 0.00016676
0.175 0.0035 -0.000287139 0.000180058
0.18 0.0036 -0.00028723 0.00018721
0.185 0.0037 -0.000274614 0.00018085
0.19 0.0038 -0.000267495 0.000178896
0.195 0.0039 -0.000264834 0.000170389
0.2 0.004 -0.000270831 0.000159897
0.205 0.0041 -0.000278252 0.000170336
0.21 0.0042 -0.00028253 0.000182869
0.215 0.0043 -0.000284936 0.000181192
0.22 0.0044 -0.00027245 0.000181213
0.225 0.0045 -0.000263601 0.000174795
0.23 0.0046 -0.000269712 0.000166025
0.235 0.0047 -0.000277115 0.000168243
0.24 0.0048 -0.000280812 0.000172244
0.245 0.0049 -0.000278505 0.000186742
0.25 0.005 -0.000281862 0.000180596
0.255 0.0051 -0.000262786 0.000173429
0.26 0.0052 -0.000268804 0.000166915
0.265 0.0053 -0.00027614 0.000173099
0.27 0.0054 -0.000282088 0.000171933
0.275 0.0055 -0.000281282 0.000179799
0.28 0.0056 -0.000270102 0.000184903
0.285 0.0057 -0.000270517 0.000172324
0.29 0.0058 -0.000272451 0.000166475
0.295 0.0059 -0.000273619 0.000170852
0.3 0.006 -0.000281913 0.000177837
0.305 0.0061 -0.000280154 0.000184122
0.31 0.0062 -0.000270997 0.000173933
0.315 0.0063 -0.000265485 0.000170088
0.32 0.0064 -0.000274661 0.000174891
0.325 0.0065 -0.000284391 0.000169548
0.33 0.0066 -0.000275966 0.000179407
0.335 0.0067 -0.000272876 0.000181489
0.34 0.0068 -0.000268959 0.000174926
0.345 0.0069 -0.000276143 0.000166434
0.35 0.007 -0.000275396 0.000172473
0.355 0.0071 -0.000279527 0.000178678
0.36 0.0072 -0.000275062 0.000183746
0.365 0.0073 -0.000272038 0.000171375
0.37 0.0074 -0.000269903 0.000167226
0.375 0.0075 -0.000276202 0.000174817
0.38 0.0076 -0.000281254 0.000182227
0.385 0.0077 -0.000279265 0.000172774
0.39 0.0078 -0.000262309 0.000176732
0.395 0.0079 -0.000274216 0.000170728
0.4 0.008 -0.000282145 0.000173842
0.405 0.0081 -0.000276998 0.000177497
0.41 0.0082 -0.000273529 0.000175596
0.415 0.0083 -0.000268472 0.000176749
0.42 0.0084 -0.000273565 0.00017271
0.425 0.0085 -0.00028657 0.000168824
0.43 0.0086 -0.000270675 0.000179863
0.435 0.0087 -0.000271954 0.000176442
0.44 0.0088 -0.000275304 0.000175811
0.445 0.0089 -0.000279136 0.000165428
0.45 0.009 -0.000280034 0.000168899
0.455 0.0091 -0.000275386 0.000179691
0.46 0.0092 -0.000280837 0.000167121
0.465 0.0093 -0.000284548 0.00015502
0.47 0.0094 -0.000288238 0.000151885
0.475 0.0095 -0.000297412 0.000143038
0.48 0.0096 -0.000296708 0.000135807
0.485 0.0097 -0.000311485 0.00010087
0.49 0.0098 -0.000326006 6.29527e-05
0.495 0.0099 -0.000331249 3.47903e-05
0.5 0.01 -0.000350186 -1.59942e-05
0.505 0.0099 -0.000366402 -8.81132e-05
0.51 0.0098 -0.000375126 -0.000178615
0.515 0.0097 -0.000393059 -0.000273131
0.52 0.0096 -0.000395815 -0.000367492
0.525 0.0095 -0.000402156 -0.00049643
0.53 0.0094 -0.000400897 -0.00062667
0.535 0.0093 -0.000394713 -0.000754646
0.54 0.0092 -0.000384367 -0.000873225
0.545 0.0091 -0.000366564 -0.000977341
0.55 0.009 -0.000365619 -0.00109113
0.555 0.0089 -0.000363521 -0.00119225
0.56 0.0088 -0.000350229 -0.00126391
0.565 0.0087 -0.000361102 -0.00134492
0.57 0.0086 -0.000371634 -0.00142845
0.575 0.0085 -0.00038475 -0.001528
0.58 0.0084 -0.000392721 -0.00162898
0.585 0.0083 -0.000383412 -0.00173312
0.59 0.0082 -0.000379379 -0.00185086
0.595 0.0081 -0.000382309 -0.00196315
0.6 0.008 -0.000372141 -0.00206799
0.605 0.0079 -0.000363066 -0.0021737
0.61 0.0078 -0.000350108 -0.00225438
0.615 0.0077 -0.000374465 -0.00234224
0.62 0.0076 -0.000388362 -0.0024303
0.625 0.0075 -0.000384549 -0.00253533
0.63 0.0074 -0.000380074 -0.00264823
0.635 0.0073 -0.000379154 -0.00275957
0.64 0.0072 -0.00036924 -0.00285511
0.645 0.0071 -0.000368806 -0.00295683
0.65 0.007 -0.000368044 -0.00305823
0.655 0.0069 -0.000373739 -0.00315524
0.66 0.0068 -0.000373128 -0.00323683
0.665 0.0067 -0.000382042 -0.00333408
0.67 0.0066 -0.000385119 -0.00344379
0.675 0.0065 -0.000382187 -0.00356324
0.68 0.0064 -0.000365559 -0.00366066
0.685 0.0063 -0.000359301 -0.003759
0.69 0.0062 -0.000369989 -0.00385112
0.695 0.0061 -0.000380737 -0.00393123
0.7 0.006 -0.000391775 -0.00403732
0.705 0.0059 -0.000382491 -0.00415595
0.71 0.0058 -0.000364168 -0.00426548
0.715 0.0057 -0.000364629 -0.00435942
0.72 0.0056 -0.00036744 -0.00444281
0.725 0.0055 -0.000378973 -0.00454091
0.73 0.0054 -0.00039119 -0.00464552
0.735 0.0053 -0.000380469 -0.004747
0.74 0.0052 -0.00036959 -0.00486288
0.745 0.0051 -0.00035869 -0.00496044
0.75 0.005 -0.000370601 -0.00504651
0.755 0.0049 -0.000382831 -0.0051334
0.76 0.0048 -0.000389273 -0.00524822
0.765 0.0047 -0.000377859 -0.00535421
0.77 0.0046 -0.000368859 -0.00545986
0.775 0.0045 -0.00036237 -0.00555815
0.78 0.0044 -0.000364649 -0.00564709
0.785 0.0043 -0.000385152 -0.00573859
0.79 0.0042 -0.000392372 -0.00583596
0.795 0.0041 -0.000379931 -0.00595414
0.8 0.004 -0.000368509 -0.00607114
0.805 0.0039 -0.000357425 -0.00615872
0.81 0.0038 -0.000365307 -0.00624395
0.815 0.0037 -0.000384054 -0.00634051
0.82 0.0036 -0.000388478 -0.00643642
0.825 0.0035 -0.000384167 -0.00654445
0.83 0.0034 -0.000373305 -0.00666237
0.835 0.0033 -0.000368753 -0.00677047
0.84 0.0032 -0.000359706 -0.00685121
0.845 0.0031 -0.000371848 -0.00694713
0.85 0.003 -0.000376096 -0.00703982
0.855 0.0029 -0.0003828 -0.00714252
0.86 0.0028 -0.00038409 -0.00724108
0.865 0.0027 -0.000383815 -0.0073458
0.87 0.0026 -0.000385305 -0.00746178
0.875 0.0025 -0.000362345 -0.00756796
0.88 0.0024 -0.000348594 -0.00766755
0.885 0.0023 -0.000357727 -0.00775004
0.89 0.0022 -0.000385054 -0.00783856
0.895 0.0021 -0.000386728 -0.00792349
0.9 0.002 -0.00039219 -0.00803323
0.905 0.0019 -0.000394951 -0.00814479
0.91 0.0018 -0.000381658 -0.008255
0.915 0.0017 -0.000369214 -0.00837171
0.92 0.0016 -0.000357198 -0.00847678
0.925 0.0015 -0.00034489 -0.00857199
0.93 0.0014 -0.00034417 -0.00866305
0.935 0.0013 -0.000364563 -0.00874969
0.94 0.0012 -0.000378529 -0.00881571
0.945 0.0011 -0.000393234 -0.00890355
0.95 0.001 -0.0004066 -0.00901182
0.955 0.0009 -0.000397986 -0.00911485
0.96 0.000800001 -0.000376846 -0.00922268
0.965 0.000700001 -0.000353468 -0.00934438
0.97 0.000600001 -0.000308972 -0.0094656
0.975 0.000500001 -0.000244455 -0.0095772
0.98 0.000400001 -0.000187552 -0.00967815
0.985 0.000300001 -0.0001313 -0.00974513
0.99 0.000200002 -6.53572e-05 -0.0097962
0.995 9.99998e-05 0 -0.00983755
0 0 0 0
0.005 0.0001 -0.000119369 2.32779e-05
0.01 0.0002 -0.000246117 4.99819e-05
0.015 0.0003 -0.00036424 9.32176e-05
0.02 0.0004 -0.000478763 0.000141735
0.025 0.0005 -0.000596896 0.000181257
0.03 0.0006 -0.00069831 0.000208679
0.035 0.0007 -0.000793121 0.00024236
0.04 0.0008 -0.000904156 0.000275985
0.045 0.0009 -0.000992665 0.000324099
0.05 0.001 -0.00109536 0.000351878
0.055 0.0011 -0.00118731 0.000375825
0.06 0.0012 -0.0012794 0.000373968
0.065 0.0013 -0.0013718 0.000356264
0.07 0.0014 -0.00147352 0.000342348
0.075 0.0015 -0.00158619 0.00033766
0.08 0.0016 -0.00169917 0.0003282
0.085 0.0017 -0.00180762 0.000314373
0.09 0.0018 -0.00190818 0.000298859
0.095 0.0019 -0.00200437 0.000284348
0.1 0.002 -0.0021043 0.000285157
0.105 0.0021 -0.00221341 0.000304144
0.11 0.0022 -0.00231826 0.000326271
0.115 0.0023 -0.00240544 0.000343247
0.12 0.0024 -0.00249705 0.00035481
0.125 0.0025 -0.00258269 0.000350388
0.13 0.0026 -0.00266721 0.000339832
0.135 0.0027 -0.00279068 0.000332087
0.14 0.0028 -0.00290876 0.000323171
0.145 0.0029 -0.00301067 0.000306163
0.15 0.003 -0.00311245 0.000306162
0.155 0.0031 -0.00321381 0.000314245
0.16 0.0032 -0.00330045 0.00032144
0.165 0.0033 -0.00339536 0.000323896
0.17 0.0034 -0.00349522 0.000329081
0.175 0.0035 -0.00359456 0.000329904
0.18 0.0036 -0.00369295 0.000335446
0.185 0.0037 -0.00379713 0.000337881
0.19 0.0038 -0.00390612 0.000335779
0.195 0.0039 -0.00400555 0.000332241
0.2 0.004 -0.00410021 0.000307021
0.205 0.0041 -0.00419379 0.000298682
0.21 0.0042 -0.00430039 0.000313594
0.215 0.0043 -0.00441017 0.000322188
0.22 0.0044 -0.00450263 0.000338262
0.225 0.0045 -0.00460219 0.000339237
0.23 0.0046 -0.00469253 0.000344482
0.235 0.0047 -0.0047917 0.000334254
0.24 0.0048 -0.00489344 0.000322215
0.245 0.0049 -0.0050039 0.000307394
0.25 0.005 -0.00510259 0.000304046
0.255 0.0051 -0.00520671 0.000309525
0.26 0.0052 -0.00530702 0.000322467
0.265 0.0053 -0.00539904 0.000343993
0.27 0.0054 -0.00550519 0.00035037
0.275 0.0055 -0.00559983 0.000339681
0.28 0.0056 -0.00568142 0.000325231
0.285 0.0057 -0.00579237 0.000311329
0.29 0.0058 -0.00590299 0.000311385
0.295 0.0059 -0.00600211 0.000312471
0.3 0.006 -0.00610621 0.000311583
0.305 0.0061 -0.00620282 0.000324878
0.31 0.0062 -0.0063105 0.000336844
0.315 0.0063 -0.00640889 0.000347453
0.32 0.0064 -0.00650368 0.000335032
0.325 0.0065 -0.00658908 0.000327465
0.33 0.0066 -0.00668363 0.000325612
0.335 0.0067 -0.00678209 0.00032218
0.34 0.0068 -0.00689135 0.000314834
0.345 0.0069 -0.00700068 0.000314354
0.35 0.007 -0.00711599 0.000303941
0.355 0.0071 -0.00722453 0.000311946
0.36 0.0072 -0.00732508 0.000326703
0.365 0.0073 -0.00741395 0.000332942
0.37 0.0074 -0.00749175 0.000353353
0.375 0.0075 -0.00758127 0.000357492
0.38 0.0076 -0.00766522 0.000346908
0.385 0.0077 -0.00776847 0.000333718
0.39 0.0078 -0.00789606 0.000313665
0.395 0.0079 -0.00799881 0.00029815
0.4 0.008 -0.00810597 0.000277502
0.405 0.0081 -0.00821645 0.000294987
0.41 0.0082 -0.00833416 0.000306531
0.415 0.0083 -0.00842541 0.000317753
0.42 0.0084 -0.00852336 0.000327371
0.425 0.0085 -0.0086086 0.000342427
0.43 0.0086 -0.00868809 0.000354902
0.435 0.0087 -0.00876317 0.000375044
0.44 0.0088 -0.00883447 0.000373435
0.445 0.0089 -0.00891038 0.000357719
0.45 0.009 -0.00899921 0.000339486
0.455 0.0091 -0.00910834 0.000307086
0.46 0.0092 -0.0092028 0.00027
0.465 0.0093 -0.00928192 0.000222219
0.47 0.0094 -0.00937327 0.000186154
0.475 0.0095 -0.00946195 0.000161672
0.48 0.0096 -0.00953761 0.000119283
0.485 0.0097 -0.00958659 7.62043e-05
0.49 0.0098 -0.0096241 3.28504e-05
0.495 0.0099 -0.00963008 1.45161e-05
0.5 0.01 -0.00962776 -9.57162e-06
0.505 0.0099 -0.00958205 -3.81542e-05
0.51 0.0098 -0.00952447 -8.10578e-05
0.515 0.0097 -0.00946557 -0.000110689
0.52 0.0096 -0.00939287 -0.000151586
0.525 0.0095 -0.00928741 -0.00019
0.53 0.0094 -0.0091864 -0.000232322
0.535 0.0093 -0.00909335 -0.000269333
0.54 0.0092 -0.00900225 -0.000300011
0.545 0.0091 -0.00892685 -0.000334554
0.55 0.009 -0.00884373 -0.000358284
0.555 0.0089 -0.00875408 -0.000378818
0.56 0.0088 -0.00867697 -0.000371454
0.565 0.0087 -0.00860881 -0.000348664
0.57 0.0086 -0.00852705 -0.000346442
0.575 0.0085 -0.0084256 -0.000333046
0.58 0.0084 -0.00833445 -0.000319489
0.585 0.0083 -0.00822441 -0.000294174
0.59 0.0082 -0.00811082 -0.000284796
0.595 0.0081 -0.00798523 -0.00028706
0.6 0.008 -0.00788166 -0.00030601
0.605 0.0079 -0.00777771 -0.000314281
0.61 0.0078 -0.00768152 -0.000331817
0.615 0.0077 -0.00757995 -0.000341635
0.62 0.0076 -0.00748462 -0.0003505
0.625 0.0075 -0.00741137 -0.000347609
0.63 0.0074 -0.00732526 -0.000338122
0.635 0.0073 -0.0072233 -0.000338298
0.64 0.0072 -0.007114 -0.000314712
0.645 0.0071 -0.00700455 -0.000299002
0.65 0.007 -0.00689261 -0.000306634
0.655 0.0069 -0.00678357 -0.000307157
0.66 0.0068 -0.00669092 -0.000317241
0.665 0.0067 -0.00658616 -0.000330596
0.67 0.0066 -0.00648914 -0.000341384
0.675 0.0065 -0.00639925 -0.000341162
0.68 0.0064 -0.00631851 -0.000338956
0.685 0.0063 -0.00622448 -0.000326109
0.69 0.0062 -0.00611131 -0.000320784
0.695 0.0061 -0.00598815 -0.000313751
0.7 0.006 -0.00589268 -0.000311627
0.705 0.0059 -0.00578946 -0.00030577
0.71 0.0058 -0.00569197 -0.000320563
0.715 0.0057 -0.00559734 -0.000341916
0.72 0.0056 -0.00549477 -0.000341123
0.725 0.0055 -0.00541171 -0.000333183
0.73 0.0054 -0.00531823 -0.000325713
0.735 0.0053 -0.00520747 -0.00031818
0.74 0.0052 -0.00509743 -0.000316985
0.745 0.0051 -0.00498563 -0.000315182
0.75 0.005 -0.00488671 -0.000316885
0.755 0.0049 -0.00479499 -0.000324927
0.76 0.0048 -0.00470574 -0.000330104
0.765 0.0047 -0.00461509 -0.0003399
0.77 0.0046 -0.00449788 -0.000335119
0.775 0.0045 -0.00440388 -0.000324709
0.78 0.0044 -0.00430495 -0.000306619
0.785 0.0043 -0.0041968 -0.000315043
0.79 0.0042 -0.0040868 -0.000320141
0.795 0.0041 -0.00398857 -0.000330182
0.8 0.004 -0.00390319 -0.000337322
0.805 0.0039 -0.00381453 -0.000326034
0.81 0.0038 -0.0037136 -0.000326718
0.815 0.0037 -0.00359732 -0.000326243
0.82 0.0036 -0.00349013 -0.000317547
0.825 0.0035 -0.00339048 -0.000314323
0.83 0.0034 -0.00329531 -0.000321457
0.835 0.0033 -0.00320925 -0.000332289
0.84 0.0032 -0.0031046 -0.000329874
0.845 0.0031 -0.00300229 -0.000329536
0.85 0.003 -0.00290045 -0.000328165
0.855 0.0029 -0.00279669 -0.000321655
0.86 0.0028 -0.00270005 -0.00031037
0.865 0.0027 -0.0026001 -0.000317536
0.87 0.0026 -0.00248658 -0.000331497
0.875 0.0025 -0.00240196 -0.000336975
0.88 0.0024 -0.00231605 -0.000329272
0.885 0.0023 -0.00220848 -0.000322936
0.89 0.0022 -0.00209066 -0.00031746
0.895 0.0021 -0.00198657 -0.000314474
0.9 0.002 -0.00189839 -0.000319369
0.905 0.0019 -0.001806 -0.000338268
0.91 0.0018 -0.00170306 -0.000336378
0.915 0.0017 -0.00160535 -0.000321157
0.92 0.0016 -0.00150573 -0.000316283
0.925 0.0015 -0.00139214 -0.000315661
0.93 0.0014 -0.00128676 -0.000328429
0.935 0.0013 -0.00119783 -0.000331318
0.94 0.0012 -0.00111227 -0.00032635
0.945 0.0011 -0.00100699 -0.000322197
0.95 0.001 -0.000906863 -0.000325583
0.955 0.0009 -0.000786511 -0.000319718
0.96 0.000800001 -0.000687261 -0.000327218
0.965 0.000700001 -0.00060055 -0.000321407
0.97 0.000600001 -0.000513704 -0.000325874
0.975 0.000500001 -0.000409927 -0.00033003
0.98 0.000400001 -0.000294584 -0.000324709
0.985 0.000300001 -0.000188077 -0.000317517
0.99 0.000200002 -0.00010053 -0.000323503
0.995 9.99998e-05 0 -0.000328612
0 0 0 0
0.005 0.0001 0.000116727 3.55021e-05
0.01 0.0002 0.000248083 8.60052e-05
0.015 0.0003 0.000369898 0.000151391
0.02 0.0004 0.000482745 0.000212637
0.025 0.0005 0.000574053 0.000264975
0.03 0.0006 0.000646771 0.000316981
0.035 0.0007 0.000720837 0.000361025
0.04 0.0008 0.00076851 0.000393661
0.045 0.0009 0.000809384 0.000439774
0.05 0.001 0.000836548 0.00047375
0.055 0.0011 0.000834453 0.000495183
0.06 0.0012 0.00083577 0.000516746
0.065 0.0013 0.00083267 0.000524169
0.07 0.0014 0.000837706 0.000534645
0.075 0.0015 0.000821351 0.000510224
0.08 0.0016 0.000812233 0.000483633
0.085 0.0017 0.000812154 0.000461714
0.09 0.0018 0.000830331 0.000446568
0.095 0.0019 0.000860355 0.000445679
0.1 0.002 0.000879265 0.000444221
0.105 0.0021 0.000888521 0.000438136
0.11 0.0022 0.000888143 0.000443075
0.115 0.0023 0.00088898 0.000453615
0.12 0.0024 0.000893539 0.000469149
0.125 0.0025 0.000899581 0.000490962
0.13 0.0026 0.000895125 0.000501478
0.135 0.0027 0.000878146 0.000491398
0.14 0.0028 0.000864658 0.000486892
0.145 0.0029 0.000855045 0.000495669
0.15 0.003 0.000844369 0.000500992
0.155 0.0031 0.000848281 0.000491424
0.16 0.0032 0.000860703 0.000464244
0.165 0.0033 0.000872106 0.00045212
0.17 0.0034 0.0008894 0.000442147
0.175 0.0035 0.000907607 0.00043417
0.18 0.0036 0.000903578 0.000454238
0.185 0.0037 0.00088457 0.000486042
0.19 0.0038 0.000879095 0.0004936
0.195 0.0039 0.000874589 0.000505741
0.2 0.004 0.000844977 0.00050568
0.205 0.0041 0.000849478 0.000495558
0.21 0.0042 0.000858836 0.000473874
0.215 0.0043 0.000871096 0.000460479
0.22 0.0044 0.000881736 0.000452706
0.225 0.0045 0.000896426 0.000449682
0.23 0.0046 0.000896263 0.000446618
0.235 0.0047 0.00089142 0.000466265
0.24 0.0048 0.000879487 0.000483036
0.245 0.0049 0.000867723 0.000508459
0.25 0.005 0.000853675 0.000513878
0.255 0.0051 0.000851164 0.000494186
0.26 0.0052 0.000855763 0.000472346
0.265 0.0053 0.000876713 0.000459353
0.27 0.0054 0.00089244 0.000446659
0.275 0.0055 0.000898059 0.000450674
0.28 0.0056 0.000891768 0.000455766
0.285 0.0057 0.000880786 0.000464345
0.29 0.0058 0.000878872 0.000486778
0.295 0.0059 0.000861632 0.000501049
0.3 0.006 0.000852792 0.000508905
0.305 0.0061 0.000851531 0.00049551
0.31 0.0062 0.000865928 0.000496587
0.315 0.0063 0.000878297 0.000469872
0.32 0.0064 0.000890868 0.00043908
0.325 0.0065 0.00089355 0.00043694
0.33 0.0066 0.000887642 0.000443533
0.335 0.0067 0.000891048 0.000463497
0.34 0.0068 0.000879836 0.000480462
0.345 0.0069 0.000862716 0.000496447
0.35 0.007 0.000849425 0.000497857
0.355 0.0071 0.000860876 0.000488725
0.36 0.0072 0.000870424 0.000488868
0.365 0.0073 0.000866777 0.000499795
0.37 0.0074 0.000881008 0.000495407
0.375 0.0075 0.000888231 0.000474622
0.38 0.0076 0.000876309 0.000464523
0.385 0.0077 0.000867654 0.000452763
0.39 0.0078 0.000877179 0.000439177
0.395 0.0079 0.000886938 0.00044424
0.4 0.008 0.000892758 0.00044344
0.405 0.0081 0.000901252 0.000443871
0.41 0.0082 0.000887247 0.000461635
0.415 0.0083 0.000858197 0.000479938
0.42 0.0084 0.000849193 0.000498222
0.425 0.0085 0.000847081 0.000521633
0.43 0.0086 0.000855891 0.000545595
0.435 0.0087 0.000863667 0.000541466
0.44 0.0088 0.000868307 0.000530438
0.445 0.0089 0.000871162 0.00050256
0.45 0.009 0.000879196 0.00048806
0.455 0.0091 0.000874509 0.000470913
0.46 0.0092 0.000887596 0.000447114
0.465 0.0093 0.000896555 0.000422825
0.47 0.0094 0.000895321 0.000400997
0.475 0.0095 0.000906997 0.000384306
0.48 0.0096 0.000908774 0.000364667
0.485 0.0097 0.000899748 0.000348043
0.49 0.0098 0.000891539 0.000341414
0.495 0.0099 0.000873623 0.000363192
0.5 0.01 0.00086967 0.000414289
0.505 0.0099 0.000866771 0.000448407
0.51 0.0098 0.000862625 0.000484679
0.515 0.0097 0.000854147 0.000532985
0.52 0.0096 0.000833993 0.000589042
0.525 0.0095 0.000820684 0.000649177
0.53 0.0094 0.000810244 0.000723473
0.535 0.0093 0.000802498 0.000817755
0.54 0.0092 0.000808065 0.000911863
0.545 0.0091 0.000805556 0.000996698
0.55 0.009 0.000800747 0.00108047
0.555 0.0089 0.000787032 0.00116589
0.56 0.0088 0.000783398 0.00126017
0.565 0.0087 0.000780559 0.00135061
0.57 0.0086 0.000768398 0.00145741
0.575 0.0085 0.00076988 0.00155261
0.58 0.0084 0.000793147 0.00165567
0.585 0.0083 0.000789176 0.00176517
0.59 0.0082 0.000783742 0.00186082
0.595 0.0081 0.000779367 0.00194345
0.6 0.008 0.0007623 0.00204253
0.605 0.0079 0.000756588 0.00215126
0.61 0.0078 0.000766409 0.00224775
0.615 0.0077 0.0007853 0.00234936
0.62 0.0076 0.000791964 0.00244758
0.625 0.0075 0.000785654 0.00254642
0.63 0.0074 0.000774813 0.00265961
0.635 0.0073 0.000766602 0.00276418
0.64 0.0072 0.000769398 0.0028553
0.645 0.0071 0.000764411 0.00294297
0.65 0.007 0.000765607 0.00303421
0.655 0.0069 0.000777821 0.00313912
0.66 0.0068 0.000785239 0.00324747
0.665 0.0067 0.000791813 0.00335297
0.67 0.0066 0.000777482 0.00345923
0.675 0.0065 0.00076407 0.00357259
0.68 0.0064 0.000772456 0.00365658
0.685 0.0063 0.00077891 0.0037425
0.69 0.0062 0.000765878 0.00384404
0.695 0.0061 0.00075721 0.0039274
0.7 0.006 0.000775035 0.00403895
0.705 0.0059 0.00078002 0.0041527
0.71 0.0058 0.000793921 0.00426414
0.715 0.0057 0.000789057 0.00435774
0.72 0.0056 0.000781953 0.00445447
0.725 0.0055 0.00076634 0.00455699
0.73 0.0054 0.000757314 0.00465876
0.735 0.0053 0.00076342 0.00475239
0.74 0.0052 0.000761667 0.00483415
0.745 0.0051 0.000776179 0.0049286
0.75 0.005 0.00078176 0.00503457
0.755 0.0049 0.000789692 0.00515212
0.76 0.0048 0.000789086 0.00525307
0.765 0.0047 0.000786603 0.00536608
0.77 0.0046 0.000771339 0.00547055
0.775 0.0045 0.000770714 0.00556757
0.78 0.0044 0.000771202 0.00565471
0.785 0.0043 0.000755883 0.00574155
0.79 0.0042 0.000750735 0.00583142
0.795 0.0041 0.000766347 0.0059354
0.8 0.004 0.00077461 0.00603667
0.805 0.0039 0.000803086 0.0061384
0.81 0.0038 0.00080031 0.00623671
0.815 0.0037 0.000782767 0.00635695
0.82 0.0036 0.000781905 0.00647232
0.825 0.0035 0.000780986 0.00657862
0.83 0.0034 0.00077292 0.00667741
0.835 0.0033 0.000757367 0.00676233
0.84 0.0032 0.000743557 0.00684377
0.845 0.0031 0.000751872 0.0069379
0.85 0.003 0.000761838 0.0070315
0.855 0.0029 0.00077162 0.00713026
0.86 0.0028 0.000784259 0.00721957
0.865 0.0027 0.000801075 0.00731437
0.87 0.0026 0.000804438 0.00743958
0.875 0.0025 0.000796987 0.00756326
0.88 0.0024 0.000798952 0.00766997
0.885 0.0023 0.000786775 0.00777964
0.89 0.0022 0.000765679 0.00788829
0.895 0.0021 0.000752068 0.00798529
0.9 0.002 0.000739782 0.00808186
0.905 0.0019 0.000731569 0.00816742
0.91 0.0018 0.000724331 0.00824389
0.915 0.0017 0.000726899 0.00832943
0.92 0.0016 0.000744684 0.0084085
0.925 0.0015 0.000759257 0.00848643
0.93 0.0014 0.000764607 0.0085883
0.935 0.0013 0.00075629 0.00867612
0.94 0.0012 0.000772871 0.00878339
0.945 0.0011 0.000766876 0.00889657
0.95 0.001 0.000735732 0.00900822
0.955 0.0009 0.00069716 0.00912002
0.96 0.000800001 0.000642937 0.00922974
0.965 0.000700001 0.000582452 0.00935118
0.97 0.000600001 0.000507414 0.00944982
0.975 0.000500001 0.000420889 0.00952625
0.98 0.000400001 0.000321452 0.00960505
0.985 0.000300001 0.000216292 0.00966978
0.99 0.000200002 0.000106525 0.00970758
0.995 9.99998e-05 0 0.00972299
0 0 0 0
0.005 0.0001 8.74712e-05 -0.000100305
0.01 0.0002 0.000183337 -0.00021707
0.015 0.0003 0.000284938 -0.000322784
0.02 0.0004 0.000406771 -0.000401222
0.025 0.0005 0.000514609 -0.000490251
0.03 0.0006 0.000610181 -0.000581631
0.035 0.0007 0.000700027 -0.000682833
0.04 0.0008 0.000802 -0.000794445
0.045 0.0009 0.000903271 -0.000907751
0.05 0.001 0.000986574 -0.00101907
0.055 0.0011 0.00108837 -0.00111399
0.06 0.0012 0.00120135 -0.00120479
0.065 0.0013 0.00129903 -0.00129945
0.07 0.0014 0.00140529 -0.00139048
0.075 0.0015 0.00150656 -0.00148504
0.08 0.0016 0.00160764 -0.00158321
0.085 0.0017 0.00170472 -0.00169337
0.09 0.0018 0.00179146 -0.00181345
0.095 0.0019 0.00189561 -0.00192331
0.1 0.002 0.00199666 -0.00201445
0.105 0.0021 0.002093 -0.00209705
0.11 0.0022 0.00219831 -0.00218831
0.115 0.0023 0.00230322 -0.00229493
0.12 0.0024 0.00240029 -0.00239311
0.125 0.0025 0.00250685 -0.00249082
0.13 0.0026 0.00261147 -0.00260503
0.135 0.0027 0.00270286 -0.00269934
0.14 0.0028 0.00279437 -0.00280064
0.145 0.0029 0.00289764 -0.00290723
0.15 0.003 0.00298904 -0.00300586
0.155 0.0031 0.00308557 -0.00310602
0.16 0.0032 0.00319994 -0.00320806
0.165 0.0033 0.003305 -0.00330215
0.17 0.0034 0.00340309 -0.00339138
0.175 0.0035 0.00351159 -0.00348547
0.18 0.0036 0.00362155 -0.00357671
0.185 0.0037 0.00371066 -0.00368652
0.19 0.0038 0.00378851 -0.00381546
0.195 0.0039 0.00387767 -0.00392623
0.2 0.004 0.00397823 -0.00401882
0.205 0.0041 0.00409126 -0.00410589
0.21 0.0042 0.00420158 -0.00419999
0.215 0.0043 0.00431067 -0.00429758
0.22 0.0044 0.00442437 -0.00438617
0.225 0.0045 0.00451098 -0.00448468
0.23 0.0046 0.00460911 -0.00458314
0.235 0.0047 0.00469858 -0.0046958
0.24 0.0048 0.00478781 -0.00479368
0.245 0.0049 0.00489051 -0.00491061
0.25 0.005 0.00499735 -0.00501872
0.255 0.0051 0.00508686 -0.00511525
0.26 0.0052 0.00518875 -0.00521763
0.265 0.0053 0.00529181 -0.00531071
0.27 0.0054 0.00539759 -0.00540191
0.275 0.0055 0.00551702 -0.00548889
0.28 0.0056 0.00562676 -0.00558164
0.285 0.0057 0.00572585 -0.00567509
0.29 0.0058 0.00581268 -0.00577196
0.295 0.0059 0.0058939 -0.00588897
0.3 0.006 0.0059837 -0.00600426
0.305 0.0061 0.00607295 -0.00612317
0.31 0.0062 0.00617862 -0.00622063
0.315 0.0063 0.0062802 -0.00631773
0.32 0.0064 0.00639848 -0.00641546
0.325 0.0065 0.00650374 -0.00652017
0.33 0.0066 0.00660766 -0.00661191
0.335 0.0067 0.00671192 -0.00670727
0.34 0.0068 0.00682342 -0.00678777
0.345 0.0069 0.00692624 -0.00686905
0.35 0.007 0.00702632 -0.00695254
0.355 0.0071 0.0071092 -0.00706442
0.36 0.0072 0.00719026 -0.00717933
0.365 0.0073 0.00727849 -0.00729038
0.37 0.0074 0.00737269 -0.00741198
0.375 0.0075 0.00747145 -0.00752523
0.38 0.0076 0.0075573 -0.00763364
0.385 0.0077 0.00766366 -0.00772841
0.39 0.0078 0.00778681 -0.00783055
0.395 0.0079 0.00789449 -0.0079357
0.4 0.008 0.00800541 -0.00803405
0.405 0.0081 0.00812439 -0.00812337
0.41 0.0082 0.0082177 -0.00819674
0.415 0.0083 0.00830807 -0.00826177
0.42 0.0084 0.00839088 -0.00834701
0.425 0.0085 0.00847357 -0.00842933
0.43 0.0086 0.0085485 -0.00851292
0.435 0.0087 0.00861845 -0.00861116
0.44 0.0088 0.0086726 -0.00871394
0.445 0.0089 0.00871219 -0.00882129
0.45 0.009 0.00876547 -0.00893243
0.455 0.0091 0.00882609 -0.00902775
0.46 0.0092 0.008867 -0.00913063
0.465 0.0093 0.00890694 -0.0092392
0.47 0.0094 0.00896551 -0.00933412
0.475 0.0095 0.00901896 -0.00941991
0.48 0.0096 0.00906113 -0.00950378
0.485 0.0097 0.00908025 -0.00958227
0.49 0.0098 0.00909892 -0.00961281
0.495 0.0099 0.00911215 -0.00963641
0.5 0.01 0.00912679 -0.00964493
0.505 0.0099 0.00911657 -0.00963421
0.51 0.0098 0.00911056 -0.00960201
0.515 0.0097 0.00908747 -0.00956259
0.52 0.0096 0.0090509 -0.0094984
0.525 0.0095 0.00901138 -0.00943027
0.53 0.0094 0.00896882 -0.00934996
0.535 0.0093 0.00891145 -0.00925582
0.54 0.0092 0.00885994 -0.00913908
0.545 0.0091 0.00882092 -0.00901681
0.55 0.009 0.00877273 -0.00891395
0.555 0.0089 0.00871934 -0.00880994
0.56 0.0088 0.00867228 -0.00870925
0.565 0.0087 0.00861559 -0.00861063
0.57 0.0086 0.00854723 -0.00852145
0.575 0.0085 0.00847404 -0.00844792
0.58 0.0084 0.00839067 -0.00836588
0.585 0.0083 0.00831417 -0.00826534
0.59 0.0082 0.0082148 -0.00818115
0.595 0.0081 0.00811064 -0.00810035
0.6 0.008 0.00800365 -0.00801551
0.605 0.0079 0.00790368 -0.00793516
0.61 0.0078 0.00779775 -0.0078477
0.615 0.0077 0.00767085 -0.00774692
0.62 0.0076 0.00755926 -0.00764331
0.625 0.0075 0.00745971 -0.00752632
0.63 0.0074 0.00736159 -0.00740572
0.635 0.0073 0.00727355 -0.00728331
0.64 0.0072 0.00719025 -0.00717283
0.645 0.0071 0.00711541 -0.00706561
0.65 0.007 0.00703319 -0.00695286
0.655 0.0069 0.00693383 -0.00685999
0.66 0.0068 0.00682448 -0.00677951
0.665 0.0067 0.00670536 -0.00670891
0.67 0.0066 0.00661477 -0.00662686
0.675 0.0065 0.00650915 -0.00653818
0.68 0.0064 0.00638204 -0.00643329
0.685 0.0063 0.00626512 -0.00632222
0.69 0.0062 0.00617268 -0.00619647
0.695 0.0061 0.00607599 -0.00609562
0.7 0.006 0.0060039 -0.00599476
0.705 0.0059 0.00591199 -0.00589162
0.71 0.0058 0.00581871 -0.00577557
0.715 0.0057 0.00571993 -0.00568067
0.72 0.0056 0.00561057 -0.00559431
0.725 0.0055 0.00550836 -0.00550217
0.73 0.0054 0.0053958 -0.00541242
0.735 0.0053 0.00529344 -0.00531702
0.74 0.0052 0.00519337 -0.00522218
0.745 0.0051 0.00508278 -0.00510685
0.75 0.005 0.0049894 -0.00499384
0.755 0.0049 0.00489902 -0.00489036
0.76 0.0048 0.00479773 -0.00478092
0.765 0.0047 0.00470325 -0.00468944
0.77 0.0046 0.0046252 -0.00458972
0.775 0.0045 0.00451833 -0.00450149
0.78 0.0044 0.00440633 -0.00441179
0.785 0.0043 0.0042942 -0.00432389
0.79 0.0042 0.00419138 -0.00421627
0.795 0.0041 0.00408104 -0.00410677
0.8 0.004 0.00397286 -0.00400684
0.805 0.0039 0.00388443 -0.00390416
0.81 0.0038 0.00380791 -0.00379398
0.815 0.0037 0.00372862 -0.00367759
0.82 0.0036 0.00362261 -0.00356316
0.825 0.0035 0.00350742 -0.0034654
0.83 0.0034 0.00340795 -0.00337982
0.835 0.0033 0.00330813 -0.00330319
0.84 0.0032 0.00320013 -0.00322989
0.845 0.0031 0.00308356 -0.00314261
0.85 0.003 0.00297263 -0.00304802
0.855 0.0029 0.00287956 -0.00294434
0.86 0.0028 0.00278696 -0.00282187
0.865 0.0027 0.00269611 -0.00269605
0.87 0.0026 0.00260147 -0.00258112
0.875 0.0025 0.00251005 -0.00245648
0.88 0.0024 0.00242406 -0.00235342
0.885 0.0023 0.002326 -0.00226808
0.89 0.0022 0.00221425 -0.00217207
0.895 0.0021 0.00209895 -0.00207395
0.9 0.002 0.00198807 -0.00198196
0.905 0.0019 0.00188302 -0.00190264
0.91 0.0018 0.00178201 -0.00182464
0.915 0.0017 0.00169317 -0.001736
0.92 0.0016 0.00158996 -0.00165005
0.925 0.0015 0.00147766 -0.00157393
0.93 0.0014 0.00136944 -0.00148616
0.935 0.0013 0.00125054 -0.00138834
0.94 0.0012 0.00114577 -0.00128579
0.945 0.0011 0.00104395 -0.00118391
0.95 0.001 0.000945764 -0.00108198
0.955 0.0009 0.000854021 -0.000970125
0.96 0.000800001 0.000770691 -0.000861471
0.965 0.000700001 0.000678334 -0.000756687
0.97 0.000600001 0.000556902 -0.000664724
0.975 0.000500001 0.000435735 -0.000588069
0.98 0.000400001 0.000319014 -0.000507511
0.985 0.000300001 0.000205578 -0.000458812
0.99 0.000200002 0.000106965 -0.000435673
0.995 9.99998e-05 0 -0.000411374
0 0 0 0
0.005 0.0001 -0.000132301 -6.05483e-05
0.01 0.0002 -0.00028524 -0.000131787
0.015 0.0003 -0.000434383 -0.000206752
0.02 0.0004 -0.00057582 -0.000278142
0.025 0.0005 -0.000698475 -0.00035516
0.03 0.0006 -0.000789688 -0.000416612
0.035 0.0007 -0.000864797 -0.000464725
0.04 0.0008 -0.000941505 -0.000510423
0.045 0.0009 -0.00101332 -0.000569923
0.05 0.001 -0.00105902 -0.000630443
0.055 0.0011 -0.00108624 -0.000663079
0.06 0.0012 -0.00111709 -0.000689873
0.065 0.0013 -0.00112981 -0.000702755
0.07 0.0014 -0.00113311 -0.0007147
0.075 0.0015 -0.00113759 -0.000713686
0.08 0.0016 -0.00114878 -0.000713457
0.085 0.0017 -0.00117028 -0.000704664
0.09 0.0018 -0.00119253 -0.000679622
0.095 0.0019 -0.00120011 -0.000670468
0.1 0.002 -0.00122084 -0.000658271
0.105 0.0021 -0.00124609 -0.000646809
0.11 0.0022 -0.00124867 -0.000627465
0.115 0.0023 -0.00127762 -0.000614298
0.12 0.0024 -0.00129699 -0.000621629
0.125 0.0025 -0.00131185 -0.000642585
0.13 0.0026 -0.00130906 -0.000653149
0.135 0.0027 -0.00129982 -0.000671756
0.14 0.0028 -0.00128373 -0.000676866
0.145 0.0029 -0.00127349 -0.000685042
0.15 0.003 -0.00126348 -0.000700199
0.155 0.0031 -0.00125229 -0.000712139
0.16 0.0032 -0.00125628 -0.000711927
0.165 0.0033 -0.00125218 -0.000701333
0.17 0.0034 -0.00124849 -0.000697841
0.175 0.0035 -0.00125082 -0.000677388
0.18 0.0036 -0.00126669 -0.000665818
0.185 0.0037 -0.0012809 -0.000662149
0.19 0.0038 -0.00129005 -0.000643718
0.195 0.0039 -0.00129865 -0.000639872
0.2 0.004 -0.00130329 -0.000646165
0.205 0.0041 -0.00130358 -0.000658239
0.21 0.0042 -0.0012819 -0.000674121
0.215 0.0043 -0.00126864 -0.000693975
0.22 0.0044 -0.00126612 -0.000692373
0.225 0.0045 -0.00125848 -0.000685611
0.23 0.0046 -0.00125075 -0.000687061
0.235 0.0047 -0.00125778 -0.000693534
0.24 0.0048 -0.00126543 -0.000695734
0.245 0.0049 -0.00127141 -0.000680891
0.25 0.005 -0.00129069 -0.000669403
0.255 0.0051 -0.0012838 -0.000658536
0.26 0.0052 -0.00128233 -0.000655444
0.265 0.0053 -0.00128681 -0.000642932
0.27 0.0054 -0.00128878 -0.000651333
0.275 0.0055 -0.0012895 -0.00067175
0.28 0.0056 -0.00127819 -0.000689566
0.285 0.0057 -0.00126011 -0.000701748
0.29 0.0058 -0.00125212 -0.000696941
0.295 0.0059 -0.00125193 -0.000687479
0.3 0.006 -0.0012615 -0.000681006
0.305 0.0061 -0.00127173 -0.000662343
0.31 0.0062 -0.0012902 -0.000675172
0.315 0.0063 -0.0012979 -0.000670273
0.32 0.0064 -0.00129768 -0.000656182
0.325 0.0065 -0.00128085 -0.000659043
0.33 0.0066 -0.00127208 -0.000665256
0.335 0.0067 -0.00127212 -0.000681063
0.34 0.0068 -0.00125795 -0.000689443
0.345 0.0069 -0.00125573 -0.00067984
0.35 0.007 -0.00127085 -0.000675061
0.355 0.0071 -0.00127718 -0.000682934
0.36 0.0072 -0.00128353 -0.000686379
0.365 0.0073 -0.00127969 -0.000676508
0.37 0.0074 -0.00128541 -0.000674259
0.375 0.0075 -0.00128288 -0.000663155
0.38 0.0076 -0.00128301 -0.000654723
0.385 0.0077 -0.00127796 -0.000652408
0.39 0.0078 -0.00127573 -0.000669976
0.395 0.0079 -0.00127606 -0.000675696
0.4 0.008 -0.00127601 -0.00068115
0.405 0.0081 -0.00127851 -0.000682192
0.41 0.0082 -0.00129194 -0.000680025
0.415 0.0083 -0.00129355 -0.000667666
0.42 0.0084 -0.00129264 -0.000655272
0.425 0.0085 -0.00129887 -0.000632956
0.43 0.0086 -0.00131894 -0.000614457
0.435 0.0087 -0.00131668 -0.000608258
0.44 0.0088 -0.00131535 -0.000618648
0.445 0.0089 -0.00131829 -0.000628205
0.45 0.009 -0.0013225 -0.000611997
0.455 0.0091 -0.00133293 -0.000576423
0.46 0.0092 -0.00133615 -0.000542401
0.465 0.0093 -0.00134596 -0.000506108
0.47 0.0094 -0.00137504 -0.000460683
0.475 0.0095 -0.00138717 -0.000406099
0.48 0.0096 -0.00139311 -0.000360852
0.485 0.0097 -0.00140208 -0.000300939
0.49 0.0098 -0.00138499 -0.000244324
0.495 0.0099 -0.00137384 -0.000182408
0.5 0.01 -0.00139028 -9.70998e-05
0.505 0.0099 -0.00140125 -1.81797e-05
0.51 0.0098 -0.00140277 9.78202e-05
0.515 0.0097 -0.00140715 0.000232086
0.52 0.0096 -0.00140082 0.000358784
0.525 0.0095 -0.00139452 0.000487448
0.53 0.0094 -0.00139174 0.000594814
0.535 0.0093 -0.00137827 0.00070068
0.54 0.0092 -0.0013691 0.000815594
0.545 0.0091 -0.00135527 0.000947657
0.55 0.009 -0.00134804 0.00107314
0.555 0.0089 -0.00135029 0.00118595
0.56 0.0088 -0.00135535 0.00131083
0.565 0.0087 -0.00136235 0.00144252
0.57 0.0086 -0.0013695 0.0015455
0.575 0.0085 -0.00137307 0.00162254
0.58 0.0084 -0.00138074 0.00169857
0.585 0.0083 -0.00137116 0.0017735
0.59 0.0082 -0.00137517 0.00184119
0.595 0.0081 -0.00138269 0.00192707
0.6 0.008 -0.00138295 0.00201794
0.605 0.0079 -0.00138341 0.00211876
0.61 0.0078 -0.00139205 0.00220676
0.615 0.0077 -0.00138669 0.00230738
0.62 0.0076 -0.0013821 0.00241687
0.625 0.0075 -0.00137582 0.0025369
0.63 0.0074 -0.00137744 0.00264678
0.635 0.0073 -0.0013706 0.00275105
0.64 0.0072 -0.00136924 0.00284736
0.645 0.0071 -0.00136128 0.00295632
0.65 0.007 -0.00136193 0.00306881
0.655 0.0069 -0.00135958 0.00317932
0.66 0.0068 -0.00135159 0.0032814
0.665 0.0067 -0.00136298 0.00337927
0.67 0.0066 -0.00138142 0.00346903
0.675 0.0065 -0.0013951 0.00355049
0.68 0.0064 -0.00141021 0.0036496
0.685 0.0063 -0.00140924 0.00374179
0.69 0.0062 -0.00140157 0.00382552
0.695 0.0061 -0.00137697 0.00393318
0.7 0.006 -0.00134766 0.00402072
0.705 0.0059 -0.00133197 0.00412023
0.71 0.0058 -0.00134749 0.00423347
0.715 0.0057 -0.0013619 0.00434429
0.72 0.0056 -0.00136811 0.00445847
0.725 0.0055 -0.00138504 0.00456836
0.73 0.0054 -0.0013911 0.00468324
0.735 0.0053 -0.00138613 0.00479904
0.74 0.0052 -0.00139541 0.00488302
0.745 0.0051 -0.00139641 0.00496732
0.75 0.005 -0.00139378 0.00504568
0.755 0.0049 -0.00137251 0.00512818
0.76 0.0048 -0.001365 0.00520695
0.765 0.0047 -0.0013598 0.00530637
0.77 0.0046 -0.00135065 0.00541773
0.775 0.0045 -0.00134548 0.00553874
0.78 0.0044 -0.0013477 0.00565645
0.785 0.0043 -0.00136141 0.00576279
0.79 0.0042 -0.00138327 0.00587492
0.795 0.0041 -0.00141673 0.00597205
0.8 0.004 -0.00141972 0.00607001
0.805 0.0039 -0.00140923 0.00617164
0.81 0.0038 -0.00139461 0.00627803
0.815 0.0037 -0.00137464 0.00636517
0.82 0.0036 -0.00135556 0.0064502
0.825 0.0035 -0.00134111 0.00653013
0.83 0.0034 -0.00134539 0.00661189
0.835 0.0033 -0.00135125 0.0067266
0.84 0.0032 -0.00135688 0.00683399
0.845 0.0031 -0.00135886 0.00692776
0.85 0.003 -0.00135956 0.00702705
0.855 0.0029 -0.00136968 0.00714368
0.86 0.0028 -0.00138449 0.00725095
0.865 0.0027 -0.00140539 0.00734771
0.87 0.0026 -0.00141291 0.00746779
0.875 0.0025 -0.00140053 0.00757635
0.88 0.0024 -0.00137908 0.00768356
0.885 0.0023 -0.00136611 0.00778641
0.89 0.0022 -0.00133538 0.00788777
0.895 0.0021 -0.00132395 0.00798227
0.9 0.002 -0.00130905 0.00807007
0.905 0.0019 -0.00128459 0.00815351
0.91 0.0018 -0.00125897 0.00823457
0.915 0.0017 -0.00123237 0.00829907
0.92 0.0016 -0.00121697 0.0083668
0.925 0.0015 -0.00119009 0.00843287
0.93 0.0014 -0.00116377 0.00851609
0.935 0.0013 -0.0011459 0.00862923
0.94 0.0012 -0.00112151 0.00873632
0.945 0.0011 -0.0010797 0.00884626
0.95 0.001 -0.00103452 0.00894439
0.955 0.0009 -0.000972262 0.00904504
0.96 0.000800001 -0.000906339 0.00913834
0.965 0.000700001 -0.000823986 0.00921711
0.97 0.000600001 -0.000709004 0.00928449
0.975 0.000500001 -0.00057797 0.00935472
0.98 0.000400001 -0.000432676 0.00943523
0.985 0.000300001 -0.000289871 0.00949615
0.99 0.000200002 -0.000148352 0.00953962
0.995 9.99998e-05 0 0.00955768
0 0 0 0
0.005 0.0001 -9.19127e-05 -9.25789e-05
0.01 0.0002 -0.000184863 -0.00017523
0.015 0.0003 -0.000288358 -0.000261989
0.02 0.0004 -0.000396499 -0.00035837
0.025 0.0005 -0.000496537 -0.000433806
0.03 0.0006 -0.000611033 -0.000494151
0.035 0.0007 -0.00072283 -0.000547933
0.04 0.0008 -0.000823222 -0.000617105
0.045 0.0009 -0.00091581 -0.000684904
0.05 0.001 -0.00101406 -0.000747422
0.055 0.0011 -0.00110445 -0.000785745
0.06 0.0012 -0.0012091 -0.000817618
0.065 0.0013 -0.00131141 -0.0008318
0.07 0.0014 -0.00144315 -0.000851624
0.075 0.0015 -0.00157148 -0.000857699
0.08 0.0016 -0.00167934 -0.000862642
0.085 0.0017 -0.00178651 -0.000847773
0.09 0.0018 -0.00190154 -0.000821635
0.095 0.0019 -0.00201145 -0.00081198
0.1 0.002 -0.00210337 -0.00079255
0.105 0.0021 -0.0021859 -0.000780351
0.11 0.0022 -0.0022781 -0.000773451
0.115 0.0023 -0.00238232 -0.000763888
0.12 0.0024 -0.00249007 -0.000769981
0.125 0.0025 -0.0026019 -0.000786753
0.13 0.0026 -0.00271435 -0.000797417
0.135 0.0027 -0.0028102 -0.000808163
0.14 0.0028 -0.00290048 -0.000833619
0.145 0.0029 -0.00299789 -0.000848449
0.15 0.003 -0.00309181 -0.000861784
0.155 0.0031 -0.00317649 -0.000846479
0.16 0.0032 -0.00327124 -0.000828865
0.165 0.0033 -0.00337644 -0.000834479
0.17 0.0034 -0.00349291 -0.00083783
0.175 0.0035 -0.00360656 -0.000841385
0.18 0.0036 -0.00371731 -0.000834783
0.185 0.0037 -0.00382557 -0.000836489
0.19 0.0038 -0.00391345 -0.000832327
0.195 0.0039 -0.00401082 -0.000822515
0.2 0.004 -0.00412321 -0.000819296
0.205 0.0041 -0.0042136 -0.000797682
0.21 0.0042 -0.00429501 -0.0007915
0.215 0.0043 -0.00438061 -0.000796071
0.22 0.0044 -0.00447993 -0.000806143
0.225 0.0045 -0.00457462 -0.000810018
0.23 0.0046 -0.00468391 -0.000828006
0.235 0.0047 -0.00478607 -0.000837879
0.24 0.0048 -0.00489193 -0.000848925
0.245 0.0049 -0.00499379 -0.000856458
0.25 0.005 -0.00511288 -0.000859516
0.255 0.0051 -0.00523021 -0.000837148
0.26 0.0052 -0.00534567 -0.000828106
0.265 0.0053 -0.00543645 -0.000825123
0.27 0.0054 -0.00551553 -0.000823824
0.275 0.0055 -0.00559344 -0.00082194
0.28 0.0056 -0.00567709 -0.000811847
0.285 0.0057 -0.00576815 -0.00080274
0.29 0.0058 -0.00585813 -0.000793864
0.295 0.0059 -0.00597966 -0.000797858
0.3 0.006 -0.006093 -0.000805326
0.305 0.0061 -0.00618951 -0.00082024
0.31 0.0062 -0.0062961 -0.00083018
0.315 0.0063 -0.00640927 -0.000844342
0.32 0.0064 -0.00651562 -0.000847615
0.325 0.0065 -0.00663649 -0.000845382
0.33 0.0066 -0.0067278 -0.000837242
0.335 0.0067 -0.00682056 -0.000837144
0.34 0.0068 -0.0069089 -0.00083575
0.345 0.0069 -0.0070059 -0.000846524
0.35 0.007 -0.00709651 -0.000843739
0.355 0.0071 -0.00716818 -0.000842595
0.36 0.0072 -0.00725363 -0.000829405
0.365 0.0073 -0.00734631 -0.000802611
0.37 0.0074 -0.00745281 -0.00079391
0.375 0.0075 -0.0075565 -0.000779858
0.38 0.0076 -0.00764395 -0.000771082
0.385 0.0077 -0.0077361 -0.000767233
0.39 0.0078 -0.00784081 -0.000764067
0.395 0.0079 -0.00793946 -0.000786478
0.4 0.008 -0.00802612 -0.000798616
0.405 0.0081 -0.00813592 -0.000815644
0.41 0.0082 -0.00821192 -0.000830605
0.415 0.0083 -0.0082847 -0.000856241
0.42 0.0084 -0.00835223 -0.000871388
0.425 0.0085 -0.00841189 -0.000871856
0.43 0.0086 -0.00845281 -0.000848292
0.435 0.0087 -0.00847557 -0.000821679
0.44 0.0088 -0.00848305 -0.000791633
0.445 0.0089 -0.00849032 -0.000760866
0.45 0.009 -0.00849664 -0.000712284
0.455 0.0091 -0.00849884 -0.000652093
0.46 0.0092 -0.00850505 -0.000588023
0.465 0.0093 -0.00850566 -0.000530709
0.47 0.0094 -0.00849615 -0.000475869
0.475 0.0095 -0.00849187 -0.000400522
0.48 0.0096 -0.00849312 -0.000314828
0.485 0.0097 -0.00848246 -0.000218465
0.49 0.0098 -0.00847775 -0.000128196
0.495 0.0099 -0.00847607 -3.18129e-05
0.5 0.01 -0.00848481 5.6703e-05
0.505 0.0099 -0.00848526 0.000138952
0.51 0.0098 -0.00847714 0.000213249
0.515 0.0097 -0.00847673 0.000300466
0.52 0.0096 -0.0084997 0.000380584
0.525 0.0095 -0.0085039 0.000453414
0.53 0.0094 -0.00850832 0.000516759
0.535 0.0093 -0.00851754 0.000591977
0.54 0.0092 -0.00851187 0.000667611
0.545 0.0091 -0.0084936 0.000731849
0.55 0.009 -0.00847287 0.000777316
0.555 0.0089 -0.00845671 0.000801432
0.56 0.0088 -0.00844082 0.000825991
0.565 0.0087 -0.00841249 0.000841667
0.57 0.0086 -0.00835492 0.00084705
0.575 0.0085 -0.00828066 0.000842687
0.58 0.0084 -0.00821857 0.000844439
0.585 0.0083 -0.00815092 0.000834535
0.59 0.0082 -0.00803806 0.000827241
0.595 0.0081 -0.00793769 0.000814303
0.6 0.008 -0.0078253 0.000801529
0.605 0.0079 -0.00773418 0.000779349
0.61 0.0078 -0.00764178 0.00077712
0.615 0.0077 -0.00754484 0.000762358
0.62 0.0076 -0.00744938 0.000766604
0.625 0.0075 -0.00735621 0.000784839
0.63 0.0074 -0.00726046 0.000791968
0.635 0.0073 -0.00717293 0.000811547
0.64 0.0072 -0.00708749 0.000826856
0.645 0.0071 -0.00699358 0.000844553
0.65 0.007 -0.00691615 0.000862787
0.655 0.0069 -0.00683399 0.000859451
0.66 0.0068 -0.00673616 0.000858175
0.665 0.0067 -0.00663146 0.000851682
0.67 0.0066 -0.00651406 0.000851791
0.675 0.0065 -0.00641115 0.0008405
0.68 0.0064 -0.00628288 0.000822008
0.685 0.0063 -0.00617042 0.000805362
0.69 0.0062 -0.00607317 0.00080285
0.695 0.0061 -0.00598144 0.000802447
0.7 0.006 -0.0058845 0.000802847
0.705 0.0059 -0.00578965 0.000799489
0.71 0.0058 -0.00569817 0.000812198
0.715 0.0057 -0.00559933 0.000812887
0.72 0.0056 -0.0055036 0.000815811
0.725 0.0055 -0.00541397 0.000828111
0.73 0.0054 -0.0053194 0.000847228
0.735 0.0053 -0.00522628 0.000864682
0.74 0.0052 -0.00511993 0.000863087
0.745 0.0051 -0.00500369 0.000854089
0.75 0.005 -0.00489938 0.000829521
0.755 0.0049 -0.00478105 0.000802703
0.76 0.0048 -0.00466969 0.000790294
0.765 0.0047 -0.00457566 0.00080174
0.77 0.0046 -0.00448559 0.000809469
0.775 0.0045 -0.00439227 0.000824382
0.78 0.0044 -0.00431558 0.000816164
0.785 0.0043 -0.00421867 0.000818409
0.79 0.0042 -0.00412583 0.000833822
0.795 0.0041 -0.00400897 0.000841219
0.8 0.004 -0.00390325 0.000833456
0.805 0.0039 -0.00379958 0.000842274
0.81 0.0038 -0.00369052 0.00083752
0.815 0.0037 -0.0036007 0.000829058
0.82 0.0036 -0.00349272 0.000825986
0.825 0.0035 -0.00337943 0.000817083
0.83 0.0034 -0.0032913 0.000811897
0.835 0.0033 -0.00320658 0.000804532
0.84 0.0032 -0.00310472 0.00081403
0.845 0.0031 -0.00299154 0.000820053
0.85 0.003 -0.00290097 0.00081893
0.855 0.0029 -0.00281513 0.000833408
0.86 0.0028 -0.00271702 0.0008374
0.865 0.0027 -0.00261489 0.000840717
0.87 0.0026 -0.00250199 0.000837904
0.875 0.0025 -0.00238814 0.000835516
0.88 0.0024 -0.00228319 0.000829354
0.885 0.0023 -0.00217979 0.000817661
0.89 0.0022 -0.00208083 0.000805583
0.895 0.0021 -0.0019944 0.000804534
0.9 0.002 -0.00191493 0.000811277
0.905 0.0019 -0.00182444 0.000813565
0.91 0.0018 -0.00171932 0.000830612
0.915 0.0017 -0.00160927 0.000839426
0.92 0.0016 -0.00150377 0.000846734
0.925 0.0015 -0.00139643 0.000847849
0.93 0.0014 -0.00128087 0.000831048
0.935 0.0013 -0.00117134 0.000826302
0.94 0.0012 -0.00108291 0.000810842
0.945 0.0011 -0.000988543 0.000804637
0.95 0.001 -0.000922052 0.00079963
0.955 0.0009 -0.000832672 0.000808703
0.96 0.000800001 -0.000720602 0.000821637
0.965 0.000700001 -0.0006062 0.000844997
0.97 0.000600001 -0.000492817 0.000852073
0.975 0.000500001 -0.000379605 0.00084588
0.98 0.000400001 -0.000284159 0.000831483
0.985 0.000300001 -0.000192527 0.000827248
0.99 0.000200002 -9.53546e-05 0.000815173
0.995 9.99998e-05 0 0.000798816
0 0 0 0
0.005 0.0001 0.000152038 -0.000121698
0.01 0.0002 0.000294752 -0.000218405
0.015 0.0003 0.000426399 -0.000305678
0.02 0.0004 0.000548311 -0.000400819
0.025 0.0005 0.000680725 -0.00048841
0.03 0.0006 0.000795832 -0.000577776
0.035 0.0007 0.000904104 -0.0006537
0.04 0.0008 0.000994101 -0.000729112
0.045 0.0009 0.00107004 -0.000784665
0.05 0.001 0.00115049 -0.000848721
0.055 0.0011 0.00123185 -0.000903201
0.06 0.0012 0.00130954 -0.000945236
0.065 0.0013 0.00137351 -0.000978909
0.07 0.0014 0.00142004 -0.00097973
0.075 0.0015 0.00147718 -0.00098432
0.08 0.0016 0.00153619 -0.000980831
0.085 0.0017 0.00158806 -0.000966863
0.09 0.0018 0.00163711 -0.000955141
0.095 0.0019 0.00168821 -0.000938062
0.1 0.002 0.00173324 -0.000923073
0.105 0.0021 0.00176886 -0.00092459
0.11 0.0022 0.00181344 -0.000927728
0.115 0.0023 0.00184772 -0.000933438
0.12 0.0024 0.00187555 -0.000931771
0.125 0.0025 0.00187138 -0.000942781
0.13 0.0026 0.00186908 -0.000944053
0.135 0.0027 0.00185525 -0.000947204
0.14 0.0028 0.00184196 -0.000946031
0.145 0.0029 0.00182521 -0.000961055
0.15 0.003 0.00182706 -0.000974487
0.155 0.0031 0.00183326 -0.000983524
0.16 0.0032 0.00183852 -0.000990327
0.165 0.0033 0.00185463 -0.00100761
0.17 0.0034 0.00186212 -0.00101978
0.175 0.0035 0.00186352 -0.00102471
0.18 0.0036 0.00188398 -0.00101712
0.185 0.0037 0.00187177 -0.00101236
0.19 0.0038 0.00187124 -0.000995997
0.195 0.0039 0.00188672 -0.000967365
0.2 0.004 0.00190509 -0.000919807
0.205 0.0041 0.00190136 -0.000914445
0.21 0.0042 0.00189541 -0.000918183
0.215 0.0043 0.0018788 -0.000925696
0.22 0.0044 0.0018634 -0.000949928
0.225 0.0045 0.00185372 -0.00097141
0.23 0.0046 0.00185519 -0.00098846
0.235 0.0047 0.00185685 -0.00100236
0.24 0.0048 0.0018617 -0.00100082
0.245 0.0049 0.00187269 -0.0010137
0.25 0.005 0.00189169 -0.00101085
0.255 0.0051 0.00188258 -0.00100568
0.26 0.0052 0.00187338 -0.00100296
0.265 0.0053 0.00187881 -0.000997651
0.27 0.0054 0.00188611 -0.000982391
0.275 0.0055 0.00188832 -0.000958008
0.28 0.0056 0.00187405 -0.000934344
0.285 0.0057 0.0018695 -0.000916189
0.29 0.0058 0.00186015 -0.000920285
0.295 0.0059 0.00186689 -0.000919298
0.3 0.006 0.00187969 -0.000946159
0.305 0.0061 0.00187651 -0.0009798
0.31 0.0062 0.00186621 -0.00100287
0.315 0.0063 0.00187115 -0.00101515
0.32 0.0064 0.00186991 -0.00101938
0.325 0.0065 0.00188603 -0.00102134
0.33 0.0066 0.0019008 -0.00102298
0.335 0.0067 0.0018877 -0.00101151
0.34 0.0068 0.0018895 -0.000982886
0.345 0.0069 0.00188341 -0.000969675
0.35 0.007 0.00187143 -0.000955622
0.355 0.0071 0.00184747 -0.000955558
0.36 0.0072 0.00183815 -0.000957479
0.365 0.0073 0.0018398 -0.000959874
0.37 0.0074 0.00184628 -0.000952217
0.375 0.0075 0.00187006 -0.000938667
0.38 0.0076 0.001894 -0.000940202
0.385 0.0077 0.00191322 -0.000934882
0.39 0.0078 0.00191099 -0.000934963
0.395 0.0079 0.00190925 -0.000941019
0.4 0.008 0.00189819 -0.000964268
0.405 0.0081 0.00187937 -0.000982382
0.41 0.0082 0.00186521 -0.00099506
0.415 0.0083 0.00186397 -0.00100336
0.42 0.0084 0.00186018 -0.00103234
0.425 0.0085 0.00185824 -0.00105306
0.43 0.0086 0.00186479 -0.00106276
0.435 0.0087 0.00186772 -0.0010774
0.44 0.0088 0.00187072 -0.00106395
0.445 0.0089 0.00187013 -0.00103312
0.45 0.009 0.00186149 -0.000994686
0.455 0.0091 0.00185771 -0.000968171
0.46 0.0092 0.00186111 -0.000948285
0.465 0.0093 0.00185832 -0.000939652
0.47 0.0094 0.00186243 -0.000924325
0.475 0.0095 0.00187106 -0.000885159
0.48 0.0096 0.00188276 -0.000855755
0.485 0.0097 0.00189106 -0.000846453
0.49 0.0098 0.00190573 -0.000836974
0.495 0.0099 0.00191036 -0.000828652
0.5 0.01 0.00190844 -0.000807671
0.505 0.0099 0.00190189 -0.000814581
0.51 0.0098 0.00190317 -0.000827107
0.515 0.0097 0.00189428 -0.000856122
0.52 0.0096 0.00189276 -0.00088703
0.525 0.0095 0.00187554 -0.000926758
0.53 0.0094 0.00187321 -0.000977742
0.535 0.0093 0.0018738 -0.00102427
0.54 0.0092 0.00187953 -0.00107724
0.545 0.0091 0.00189348 -0.00114189
0.55 0.009 0.0018806 -0.00120004
0.555 0.0089 0.00185324 -0.00127058
0.56 0.0088 0.00183802 -0.0013478
0.565 0.0087 0.00181993 -0.00143438
0.57 0.0086 0.00180385 -0.00151097
0.575 0.0085 0.00180341 -0.00159714
0.58 0.0084 0.00180915 -0.00169089
0.585 0.0083 0.00181625 -0.00178444
0.59 0.0082 0.00181612 -0.00189726
0.595 0.0081 0.0018093 -0.00200276
0.6 0.008 0.00180782 -0.00209551
0.605 0.0079 0.00181432 -0.00215916
0.61 0.0078 0.00179901 -0.002236
0.615 0.0077 0.00178497 -0.00233299
0.62 0.0076 0.00176292 -0.00243301
0.625 0.0075 0.0017618 -0.00252871
0.63 0.0074 0.00176177 -0.00265082
0.635 0.0073 0.00176488 -0.00276937
0.64 0.0072 0.00177634 -0.00287599
0.645 0.0071 0.0017842 -0.00297424
0.65 0.007 0.00179801 -0.00306407
0.655 0.0069 0.00180584 -0.0031641
0.66 0.0068 0.00180832 -0.00325619
0.665 0.0067 0.00178107 -0.0033581
0.67 0.0066 0.00177167 -0.00344137
0.675 0.0065 0.00175598 -0.00352068
0.68 0.0064 0.001744 -0.00361691
0.685 0.0063 0.0017554 -0.00372225
0.69 0.0062 0.00176709 -0.00383526
0.695 0.0061 0.00178063 -0.0039627
0.7 0.006 0.00177789 -0.00408029
0.705 0.0059 0.00177846 -0.00416925
0.71 0.0058 0.00177684 -0.00427021
0.715 0.0057 0.00178501 -0.00435975
0.72 0.0056 0.00178645 -0.00445924
0.725 0.0055 0.00179652 -0.00455644
0.73 0.0054 0.00179323 -0.00465353
0.735 0.0053 0.00178314 -0.00475113
0.74 0.0052 0.00177131 -0.00484112
0.745 0.0051 0.00174981 -0.00493075
0.75 0.005 0.00175255 -0.00502681
0.755 0.0049 0.00175678 -0.00513086
0.76 0.0048 0.0017612 -0.00521968
0.765 0.0047 0.00175962 -0.00533194
0.77 0.0046 0.00176433 -0.00544447
0.775 0.0045 0.00177099 -0.00556636
0.78 0.0044 0.00178499 -0.00568839
0.785 0.0043 0.00180512 -0.00578969
0.79 0.0042 0.00182216 -0.00588751
0.795 0.0041 0.00181186 -0.0059778
0.8 0.004 0.00178758 -0.0060544
0.805 0.0039 0.00176199 -0.00615615
0.81 0.0038 0.00175921 -0.00624663
0.815 0.0037 0.00175698 -0.00633811
0.82 0.0036 0.00175904 -0.00642253
0.825 0.0035 0.0017342 -0.00650933
0.83 0.0034 0.00174117 -0.00660275
0.835 0.0033 0.00175666 -0.00671616
0.84 0.0032 0.00174878 -0.00682622
0.845 0.0031 0.00174505 -0.00693931
0.85 0.003 0.00175225 -0.00704863
0.855 0.0029 0.00176492 -0.00715582
0.86 0.0028 0.0017841 -0.00725849
0.865 0.0027 0.00178081 -0.0073784
0.87 0.0026 0.00178764 -0.00750034
0.875 0.0025 0.00177374 -0.00760876
0.88 0.0024 0.00174888 -0.00769731
0.885 0.0023 0.00170516 -0.00779725
0.89 0.0022 0.00166347 -0.00787188
0.895 0.0021 0.00163989 -0.00793876
0.9 0.002 0.00161352 -0.00800904
0.905 0.0019 0.00158221 -0.0080931
0.91 0.0018 0.00154103 -0.00818805
0.915 0.0017 0.00147027 -0.00827146
0.92 0.0016 0.00141864 -0.00834651
0.925 0.0015 0.00138579 -0.00841518
0.93 0.0014 0.00133575 -0.00848354
0.935 0.0013 0.00128652 -0.00857395
0.94 0.0012 0.00124039 -0.00866072
0.945 0.0011 0.00117615 -0.00876006
0.95 0.001 0.00109735 -0.00886184
0.955 0.0009 0.0010136 -0.00895519
0.96 0.000800001 0.000919395 -0.00904576
0.965 0.000700001 0.000815315 -0.00910691
0.97 0.000600001 0.000698576 -0.00917337
0.975 0.000500001 0.000578651 -0.00924203
0.98 0.000400001 0.000446749 -0.00930718
0.985 0.000300001 0.000304491 -0.00934451
0.99 0.000200002 0.000147653 -0.00937359
0.995 9.99998e-05 0 -0.00940009
0 0 0 0
0.005 0.0001 0.000119848 0.000109914
0.01 0.0002 0.000224693 0.000222229
0.015 0.0003 0.000326286 0.000326436
0.02 0.0004 0.000415451 0.000423585
0.025 0.0005 0.000493652 0.000516676
0.03 0.0006 0.000580664 0.000597991
0.035 0.0007 0.00067978 0.000683703
0.04 0.0008 0.000784092 0.000767427
0.045 0.0009 0.000893402 0.000866499
0.05 0.001 0.000999953 0.000985493
0.055 0.0011 0.00110364 0.0010994
0.06 0.0012 0.00120508 0.00120533
0.065 0.0013 0.00130913 0.00131318
0.07 0.0014 0.00141837 0.00142405
0.075 0.0015 0.0015228 0.00152413
0.08 0.0016 0.00160333 0.00162211
0.085 0.0017 0.00169033 0.00170672
0.09 0.0018 0.0017878 0.0017878
0.095 0.0019 0.00188148 0.0018916
0.1 0.002 0.00197991 0.00198607
0.105 0.0021 0.00207858 0.00207537
0.11 0.0022 0.00219377 0.0021713
0.115 0.0023 0.0023155 0.00228005
0.12 0.0024 0.00242224 0.00239665
0.125 0.0025 0.00252643 0.00251706
0.13 0.0026 0.0026132 0.00263452
0.135 0.0027 0.00271332 0.00274159
0.14 0.0028 0.00280342 0.00281622
0.145 0.0029 0.00289457 0.00290166
0.15 0.003 0.00297484 0.00298518
0.155 0.0031 0.00307001 0.0030903
0.16 0.0032 0.00317059 0.00318448
0.165 0.0033 0.00328999 0.0032857
0.17 0.0034 0.00341201 0.00339371
0.175 0.0035 0.00351225 0.003494
0.18 0.0036 0.00361169 0.00359747
0.185 0.0037 0.00371627 0.00369538
0.19 0.0038 0.00382771 0.00379436
0.195 0.0039 0.00392126 0.0038952
0.2 0.004 0.00400261 0.00400297
0.205 0.0041 0.00408927 0.0041121
0.21 0.0042 0.0041783 0.00421401
0.215 0.0043 0.00428541 0.00432821
0.22 0.0044 0.00438529 0.0044219
0.225 0.0045 0.00449064 0.00452131
0.23 0.0046 0.00458538 0.00461515
0.235 0.0047 0.00470137 0.00469164
0.24 0.0048 0.00480085 0.00476286
0.245 0.0049 0.00490042 0.00485925
0.25 0.005 0.00500469 0.00495627
0.255 0.0051 0.00510612 0.00505977
0.26 0.0052 0.00521817 0.00517873
0.265 0.0053 0.00533082 0.00531662
0.27 0.0054 0.00542355 0.0054294
0.275 0.0055 0.00551873 0.00553491
0.28 0.0056 0.0056053 0.00564066
0.285 0.0057 0.00567659 0.0057277
0.29 0.0058 0.00576367 0.0058179
0.295 0.0059 0.00585709 0.00591145
0.3 0.006 0.00596221 0.00600699
0.305 0.0061 0.00607998 0.00609844
0.31 0.0062 0.00619498 0.00619716
0.315 0.0063 0.00628624 0.00628557
0.32 0.0064 0.0064006 0.006385
0.325 0.0065 0.00651992 0.00648039
0.33 0.0066 0.00662272 0.00656744
0.335 0.0067 0.00671927 0.00665183
0.34 0.0068 0.00681521 0.00675567
0.345 0.0069 0.00689429 0.00686053
0.35 0.007 0.0069829 0.00697306
0.355 0.0071 0.00707232 0.00709219
0.36 0.0072 0.00715077 0.00722646
0.365 0.0073 0.00722702 0.00736006
0.37 0.0074 0.00730204 0.0074633
0.375 0.0075 0.00737885 0.00754591
0.38 0.0076 0.00745962 0.00763258
0.385 0.0077 0.0075421 0.00772954
0.39 0.0078 0.00762248 0.00781771
0.395 0.0079 0.00770079 0.00790442
0.4 0.008 0.00777001 0.00797537
0.405 0.0081 0.00785107 0.00804862
0.41 0.0082 0.0079242 0.00811976
0.415 0.0083 0.00798776 0.00820609
0.42 0.0084 0.00803197 0.00828244
0.425 0.0085 0.00809299 0.00835347
0.43 0.0086 0.00811849 0.0084184
0.435 0.0087 0.00812187 0.00850428
0.44 0.0088 0.00811687 0.00857668
0.445 0.0089 0.008107 0.00865281
0.45 0.009 0.00810098 0.00872984
0.455 0.0091 0.00808744 0.00880582
0.46 0.0092 0.00804874 0.00888966
0.465 0.0093 0.00799115 0.00895575
0.47 0.0094 0.00793769 0.0090335
0.475 0.0095 0.00791356 0.00910948
0.48 0.0096 0.00790213 0.00917059
0.485 0.0097 0.00787724 0.00921988
0.49 0.0098 0.00785026 0.00923382
0.495 0.0099 0.00783656 0.00924253
0.5 0.01 0.00782364 0.00924256
0.505 0.0099 0.00782393 0.00923458
0.51 0.0098 0.00782767 0.00921335
0.515 0.0097 0.00785147 0.00919753
0.52 0.0096 0.00788315 0.00915036
0.525 0.0095 0.00791864 0.00909259
0.53 0.0094 0.00796524 0.00903365
0.535 0.0093 0.00801528 0.00897066
0.54 0.0092 0.00805007 0.00892266
0.545 0.0091 0.00808451 0.00884041
0.55 0.009 0.00810352 0.00874319
0.555 0.0089 0.00810257 0.00865142
0.56 0.0088 0.00811902 0.00856545
0.565 0.0087 0.00812224 0.00849003
0.57 0.0086 0.00809841 0.00840161
0.575 0.0085 0.00807861 0.00833282
0.58 0.0084 0.00803835 0.00826498
0.585 0.0083 0.00799025 0.0081987
0.59 0.0082 0.00792356 0.00812379
0.595 0.0081 0.00785761 0.00805791
0.6 0.008 0.0077844 0.00799119
0.605 0.0079 0.0077145 0.00792819
0.61 0.0078 0.00762634 0.00784919
0.615 0.0077 0.00753383 0.00775579
0.62 0.0076 0.00744843 0.00764347
0.625 0.0075 0.00737617 0.00753183
0.63 0.0074 0.0073045 0.00741168
0.635 0.0073 0.00722417 0.00730349
0.64 0.0072 0.00714076 0.00720477
0.645 0.0071 0.00706373 0.00709827
0.65 0.007 0.0069823 0.00699054
0.655 0.0069 0.00690171 0.006884
0.66 0.0068 0.0068313 0.00678521
0.665 0.0067 0.006731 0.00667859
0.67 0.0066 0.00662329 0.00657889
0.675 0.0065 0.00651945 0.00647381
0.68 0.0064 0.00641067 0.00637181
0.685 0.0063 0.0062908 0.006274
0.69 0.0062 0.00617553 0.00619284
0.695 0.0061 0.00606199 0.00610767
0.7 0.006 0.00596113 0.00601764
0.705 0.0059 0.00585491 0.0059131
0.71 0.0058 0.00576235 0.00580147
0.715 0.0057 0.00568352 0.00570103
0.72 0.0056 0.00560376 0.00561444
0.725 0.0055 0.00552895 0.0055108
0.73 0.0054 0.00543401 0.00541525
0.735 0.0053 0.00532789 0.00532966
0.74 0.0052 0.00522138 0.00522336
0.745 0.0051 0.00510554 0.0051129
0.75 0.005 0.00501006 0.00500097
0.755 0.0049 0.00491165 0.00489595
0.76 0.0048 0.00480484 0.00477558
0.765 0.0047 0.00470154 0.00466779
0.77 0.0046 0.00457412 0.00457442
0.775 0.0045 0.00446786 0.00447744
0.78 0.0044 0.00435618 0.00438417
0.785 0.0043 0.00427119 0.00430249
0.79 0.0042 0.00418911 0.00419418
0.795 0.0041 0.00410811 0.00410104
0.8 0.004 0.00402132 0.00400941
0.805 0.0039 0.00392466 0.00391594
0.81 0.0038 0.00383328 0.0038154
0.815 0.0037 0.00373579 0.0037123
0.82 0.0036 0.00362215 0.00360707
0.825 0.0035 0.00350926 0.00350153
0.83 0.0034 0.0033994 0.00341671
0.835 0.0033 0.00327077 0.00332672
0.84 0.0032 0.00315222 0.00322991
0.845 0.0031 0.00306476 0.00313407
0.85 0.003 0.00296016 0.00301717
0.855 0.0029 0.00287048 0.00291228
0.86 0.0028 0.00278588 0.00279178
0.865 0.0027 0.00270618 0.00267185
0.87 0.0026 0.00260417 0.00255133
0.875 0.0025 0.00250281 0.00245629
0.88 0.0024 0.00238976 0.00235719
0.885 0.0023 0.00228743 0.00226078
0.89 0.0022 0.00218068 0.00217399
0.895 0.0021 0.00206106 0.00209612
0.9 0.002 0.0019599 0.0020315
0.905 0.0019 0.00185744 0.00196769
0.91 0.0018 0.00175115 0.0018833
0.915 0.0017 0.00164863 0.00180882
0.92 0.0016 0.00154835 0.00174512
0.925 0.0015 0.00143748 0.00167747
0.93 0.0014 0.00131039 0.00160678
0.935 0.0013 0.00119888 0.00152124
0.94 0.0012 0.00109762 0.00143636
0.945 0.0011 0.000984974 0.0013556
0.95 0.001 0.000868611 0.0012699
0.955 0.0009 0.000756361 0.0011852
0.96 0.000800001 0.000649145 0.00111474
0.965 0.000700001 0.000562169 0.00105056
0.97 0.000600001 0.000478014 0.000980031
0.975 0.000500001 0.000381604 0.000914294
0.98 0.000400001 0.000277202 0.000862307
0.985 0.000300001 0.00018457 0.000835428
0.99 0.000200002 9.37434e-05 0.000823052
0.995 9.99998e-05 0 0.000817207
0 0 0 0
0.005 0.0001 -0.000123642 0.000140897
0.01 0.0002 -0.000251764 0.000252136
0.015 0.0003 -0.000365135 0.000352716
0.02 0.0004 -0.000489158 0.000457412
0.025 0.0005 -0.00060316 0.000553785
0.03 0.0006 -0.000718005 0.000637985
0.035 0.0007 -0.000831562 0.000740107
0.04 0.0008 -0.000932104 0.000828536
0.045 0.0009 -0.00102186 0.000910712
0.05 0.001 -0.00112259 0.000983675
0.055 0.0011 -0.00123263 0.00104015
0.06 0.0012 -0.00132512 0.00107641
0.065 0.0013 -0.0014176 0.00109941
0.07 0.0014 -0.00151642 0.00112421
0.075 0.0015 -0.00160393 0.00113446
0.08 0.0016 -0.00167332 0.00114587
0.085 0.0017 -0.00175043 0.00114104
0.09 0.0018 -0.00183724 0.00114793
0.095 0.0019 -0.00192567 0.00114535
0.1 0.002 -0.0019903 0.00113622
0.105 0.0021 -0.00204919 0.00113255
0.11 0.0022 -0.00208731 0.00111581
0.115 0.0023 -0.00213027 0.00109777
0.12 0.0024 -0.00216109 0.00109746
0.125 0.0025 -0.0021783 0.00109136
0.13 0.0026 -0.00219543 0.00110451
0.135 0.0027 -0.00221268 0.00111745
0.14 0.0028 -0.00221677 0.00114691
0.145 0.0029 -0.00220547 0.00116296
0.15 0.003 -0.00218749 0.00117339
0.155 0.0031 -0.00220139 0.00119085
0.16 0.0032 -0.00221694 0.00119666
0.165 0.0033 -0.00222816 0.00120988
0.17 0.0034 -0.0022422 0.00120822
0.175 0.0035 -0.00223583 0.0012003
0.18 0.0036 -0.00223334 0.0012008
0.185 0.0037 -0.0022433 0.00120573
0.19 0.0038 -0.00226683 0.0012035
0.195 0.0039 -0.00228907 0.00120005
0.2 0.004 -0.00230896 0.00118214
0.205 0.0041 -0.00231488 0.00115607
0.21 0.0042 -0.00231231 0.00113344
0.215 0.0043 -0.00229989 0.00112249
0.22 0.0044 -0.00227936 0.00113317
0.225 0.0045 -0.00225287 0.001145
0.23 0.0046 -0.00225596 0.0011556
0.235 0.0047 -0.00225572 0.00117156
0.24 0.0048 -0.00225054 0.0011726
0.245 0.0049 -0.00224998 0.0011872
0.25 0.005 -0.00226144 0.00118996
0.255 0.0051 -0.00227149 0.00119792
0.26 0.0052 -0.00227477 0.00120864
0.265 0.0053 -0.00228249 0.00120919
0.27 0.0054 -0.00227569 0.00120367
0.275 0.0055 -0.00227334 0.00118434
0.28 0.0056 -0.00228519 0.00115922
0.285 0.0057 -0.00229973 0.00114538
0.29 0.0058 -0.00230093 0.00115203
0.295 0.0059 -0.00229461 0.00115888
0.3 0.006 -0.00228034 0.00117204
0.305 0.0061 -0.00227101 0.00117335
0.31 0.0062 -0.00227587 0.00115812
0.315 0.0063 -0.00225567 0.00115664
0.32 0.0064 -0.00223646 0.00116781
0.325 0.0065 -0.00225928 0.0011732
0.33 0.0066 -0.00226955 0.00118453
0.335 0.0067 -0.00227997 0.00118528
0.34 0.0068 -0.0023027 0.00119002
0.345 0.0069 -0.00229876 0.00119738
0.35 0.007 -0.00229541 0.00119418
0.355 0.0071 -0.00230657 0.00118741
0.36 0.0072 -0.00230933 0.00116344
0.365 0.0073 -0.00231488 0.00114866
0.37 0.0074 -0.00230558 0.00113579
0.375 0.0075 -0.00228157 0.00113523
0.38 0.0076 -0.00228195 0.00112597
0.385 0.0077 -0.00227394 0.00112891
0.39 0.0078 -0.00228554 0.00114827
0.395 0.0079 -0.00230295 0.00114543
0.4 0.008 -0.00233126 0.00114509
0.405 0.0081 -0.00236143 0.00115493
0.41 0.0082 -0.00237318 0.00114082
0.415 0.0083 -0.0023712 0.00112307
0.42 0.0084 -0.0023612 0.00108357
0.425 0.0085 -0.00235758 0.00103606
0.43 0.0086 -0.00235936 0.00100955
0.435 0.0087 -0.00236201 0.000981353
0.44 0.0088 -0.00236428 0.000949963
0.445 0.0089 -0.00237298 0.000913076
0.45 0.009 -0.00236962 0.000883152
0.455 0.0091 -0.00238786 0.000847423
0.46 0.0092 -0.0024028 0.000804531
0.465 0.0093 -0.00241674 0.000744289
0.47 0.0094 -0.00242586 0.000688838
0.475 0.0095 -0.0024259 0.000612016
0.48 0.0096 -0.00241889 0.000522134
0.485 0.0097 -0.00239492 0.000416188
0.49 0.0098 -0.0023669 0.000316278
0.495 0.0099 -0.00237151 0.000205338
0.5 0.01 -0.00236978 7.94003e-05
0.505 0.0099 -0.00237219 -4.01814e-05
0.51 0.0098 -0.0023717 -0.000149027
0.515 0.0097 -0.00236776 -0.000255486
0.52 0.0096 -0.00237136 -0.000355701
0.525 0.0095 -0.00237855 -0.000460961
0.53 0.0094 -0.002369 -0.000575583
0.535 0.0093 -0.00235998 -0.00072251
0.54 0.0092 -0.0023638 -0.000865279
0.545 0.0091 -0.00237018 -0.00100614
0.55 0.009 -0.00234969 -0.00113704
0.555 0.0089 -0.00234811 -0.00125873
0.56 0.0088 -0.00234881 -0.00135089
0.565 0.0087 -0.00235366 -0.00144906
0.57 0.0086 -0.00235481 -0.00155103
0.575 0.0085 -0.00237905 -0.00163667
0.58 0.0084 -0.00241234 -0.00169624
0.585 0.0083 -0.00242881 -0.00175992
0.59 0.0082 -0.00242059 -0.00184125
0.595 0.0081 -0.00240701 -0.00192112
0.6 0.008 -0.00239294 -0.00202238
0.605 0.0079 -0.00236974 -0.00212311
0.61 0.0078 -0.00235484 -0.00221299
0.615 0.0077 -0.00233762 -0.00231542
0.62 0.0076 -0.00234585 -0.00241736
0.625 0.0075 -0.00235463 -0.00251615
0.63 0.0074 -0.00237568 -0.00262378
0.635 0.0073 -0.00237651 -0.00272088
0.64 0.0072 -0.00236888 -0.00282816
0.645 0.0071 -0.00238099 -0.0029299
0.65 0.007 -0.0023981 -0.00304601
0.655 0.0069 -0.00239722 -0.00315761
0.66 0.0068 -0.00238518 -0.003269
0.665 0.0067 -0.0023676 -0.00337173
0.67 0.0066 -0.00235257 -0.00346313
0.675 0.0065 -0.00235533 -0.00357135
0.68 0.0064 -0.00236612 -0.00367998
0.685 0.0063 -0.00237782 -0.00379474
0.69 0.0062 -0.00238298 -0.00389622
0.695 0.0061 -0.00238053 -0.00397859
0.7 0.006 -0.00238253 -0.00405859
0.705 0.0059 -0.00238714 -0.00414063
0.71 0.0058 -0.00237921 -0.00422141
0.715 0.0057 -0.00237927 -0.00431315
0.72 0.0056 -0.00237668 -0.00441658
0.725 0.0055 -0.00237624 -0.00452366
0.73 0.0054 -0.00237456 -0.00462293
0.735 0.0053 -0.00237423 -0.00472583
0.74 0.0052 -0.00237444 -0.00482425
0.745 0.0051 -0.00237828 -0.00493499
0.75 0.005 -0.00237241 -0.00505191
0.755 0.0049 -0.00235254 -0.00515798
0.76 0.0048 -0.00234269 -0.00527682
0.765 0.0047 -0.00234873 -0.00538291
0.77 0.0046 -0.00236842 -0.0054938
0.775 0.0045 -0.00237646 -0.00559563
0.78 0.0044 -0.00238935 -0.00568016
0.785 0.0043 -0.00239686 -0.00576752
0.79 0.0042 -0.00239897 -0.00585981
0.795 0.0041 -0.00239651 -0.00594934
0.8 0.004 -0.0023905 -0.00603806
0.805 0.0039 -0.00237085 -0.00612145
0.81 0.0038 -0.00235345 -0.00621031
0.815 0.0037 -0.00234752 -0.00631042
0.82 0.0036 -0.00234657 -0.00642165
0.825 0.0035 -0.00233084 -0.00653025
0.83 0.0034 -0.00232891 -0.00662398
0.835 0.0033 -0.00232161 -0.00671854
0.84 0.0032 -0.0023004 -0.00683472
0.845 0.0031 -0.00229034 -0.00694833
0.85 0.003 -0.00227602 -0.00706982
0.855 0.0029 -0.00227895 -0.00717204
0.86 0.0028 -0.00227405 -0.00726034
0.865 0.0027 -0.00224765 -0.00736258
0.87 0.0026 -0.00222698 -0.00746528
0.875 0.0025 -0.00221472 -0.00757484
0.88 0.0024 -0.00219955 -0.00766001
0.885 0.0023 -0.00217031 -0.00776053
0.89 0.0022 -0.00211991 -0.00785967
0.895 0.0021 -0.00206881 -0.00794367
0.9 0.002 -0.00198846 -0.00803114
0.905 0.0019 -0.00189905 -0.00810757
0.91 0.0018 -0.00180333 -0.00817121
0.915 0.0017 -0.00169968 -0.00823455
0.92 0.0016 -0.00159759 -0.00827044
0.925 0.0015 -0.00151082 -0.00832653
0.93 0.0014 -0.00141591 -0.00839884
0.935 0.0013 -0.00131798 -0.00846915
0.94 0.0012 -0.0012049 -0.00852324
0.945 0.0011 -0.00110971 -0.00859176
0.95 0.001 -0.00100734 -0.00867197
0.955 0.0009 -0.000890004 -0.00876117
0.96 0.000800001 -0.000783023 -0.00884819
0.965 0.000700001 -0.00066793 -0.0089161
0.97 0.000600001 -0.000548073 -0.0089799
0.975 0.000500001 -0.000435065 -0.00901247
0.98 0.000400001 -0.000338259 -0.00903653
0.985 0.000300001 -0.000235508 -0.00905538
0.99 0.000200002 -0.000138249 -0.00906713
0.995 9.99998e-05 0 -0.00906545
0 0 0 0
0.005 0.0001 -7.54306e-05 0.000145825
0.01 0.0002 -0.000151215 0.000284225
0.015 0.0003 -0.000235714 0.000406836
0.02 0.0004 -0.000342551 0.000515497
0.025 0.0005 -0.000454906 0.000636977
0.03 0.0006 -0.000558771 0.000732143
0.035 0.0007 -0.000660757 0.000816343
0.04 0.0008 -0.000776467 0.000889049
0.045 0.0009 -0.00088452 0.000960946
0.05 0.001 -0.000992236 0.00101595
0.055 0.0011 -0.00107729 0.00107767
0.06 0.0012 -0.00118955 0.00114771
0.065 0.0013 -0.00129174 0.00121364
0.07 0.0014 -0.00138163 0.00126129
0.075 0.0015 -0.00148312 0.00128684
0.08 0.0016 -0.00159556 0.00128484
0.085 0.0017 -0.00171407 0.00128461
0.09 0.0018 -0.00183098 0.00127055
0.095 0.0019 -0.00195368 0.00126399
0.1 0.002 -0.00207418 0.00124974
0.105 0.0021 -0.0021836 0.00123074
0.11 0.0022 -0.00228101 0.00122289
0.115 0.0023 -0.00237093 0.00120974
0.12 0.0024 -0.00246368 0.00121442
0.125 0.0025 -0.0025558 0.00122177
0.13 0.0026 -0.00264277 0.0012484
0.135 0.0027 -0.00272739 0.00127848
0.14 0.0028 -0.00282854 0.00130738
0.145 0.0029 -0.00295276 0.0013341
0.15 0.003 -0.00306424 0.00134615
0.155 0.0031 -0.00318592 0.00134431
0.16 0.0032 -0.00330366 0.00135742
0.165 0.0033 -0.0034106 0.00136269
0.17 0.0034 -0.0035196 0.0013566
0.175 0.0035 -0.00362336 0.0013508
0.18 0.0036 -0.00371687 0.00134667
0.185 0.0037 -0.00381269 0.00135004
0.19 0.0038 -0.00390906 0.00133899
0.195 0.0039 -0.00400555 0.00131624
0.2 0.004 -0.00409685 0.0013019
0.205 0.0041 -0.0041796 0.00129663
0.21 0.0042 -0.00426548 0.00129621
0.215 0.0043 -0.0043751 0.00129397
0.22 0.0044 -0.00447527 0.00130264
0.225 0.0045 -0.00458734 0.00129747
0.23 0.0046 -0.00468676 0.0013139
0.235 0.0047 -0.00478836 0.00132862
0.24 0.0048 -0.00489522 0.00135594
0.245 0.0049 -0.00501317 0.00136251
0.25 0.005 -0.00512871 0.00136379
0.255 0.0051 -0.0052354 0.00135561
0.26 0.0052 -0.00531929 0.00133034
0.265 0.0053 -0.00542352 0.00131183
0.27 0.0054 -0.00552585 0.00130383
0.275 0.0055 -0.00560527 0.00130723
0.28 0.0056 -0.00569299 0.00130951
0.285 0.0057 -0.00576782 0.00130216
0.29 0.0058 -0.00583266 0.00129973
0.295 0.0059 -0.00592774 0.00129022
0.3 0.006 -0.00604755 0.0012951
0.305 0.0061 -0.00615925 0.00132146
0.31 0.0062 -0.0062611 0.00133935
0.315 0.0063 -0.00638545 0.0013461
0.32 0.0064 -0.00649163 0.00136292
0.325 0.0065 -0.00659502 0.00136096
0.33 0.0066 -0.00668156 0.00137375
0.335 0.0067 -0.00676653 0.00136031
0.34 0.0068 -0.00685163 0.00134404
0.345 0.0069 -0.00693457 0.00133746
0.35 0.007 -0.00700865 0.0013398
0.355 0.0071 -0.00708212 0.00132156
0.36 0.0072 -0.00713081 0.00129071
0.365 0.0073 -0.00718804 0.00126964
0.37 0.0074 -0.0072548 0.0012306
0.375 0.0075 -0.0072942 0.00120492
0.38 0.0076 -0.00732689 0.00120273
0.385 0.0077 -0.00737975 0.0012138
0.39 0.0078 -0.00743583 0.00123422
0.395 0.0079 -0.00748155 0.00125308
0.4 0.008 -0.00753749 0.00126647
0.405 0.0081 -0.00758271 0.00127667
0.41 0.0082 -0.00761948 0.00128904
0.415 0.0083 -0.00764549 0.00128757
0.42 0.0084 -0.00764919 0.00126679
0.425 0.0085 -0.0076321 0.0012451
0.43 0.0086 -0.00762828 0.00121291
0.435 0.0087 -0.00761782 0.00117992
0.44 0.0088 -0.00760883 0.00112441
0.445 0.0089 -0.00758969 0.0010712
0.45 0.009 -0.00755441 0.00102526
0.455 0.0091 -0.00750888 0.000953713
0.46 0.0092 -0.00745766 0.000862856
0.465 0.0093 -0.00740921 0.000767243
0.47 0.0094 -0.00737266 0.000666111
0.475 0.0095 -0.00734715 0.000555837
0.48 0.0096 -0.00730293 0.00044539
0.485 0.0097 -0.00726208 0.000323748
0.49 0.0098 -0.00724259 0.000202619
0.495 0.0099 -0.00724689 8.91668e-05
0.5 0.01 -0.00725954 -4.93138e-05
0.505 0.0099 -0.00726344 -0.000192543
0.51 0.0098 -0.00729228 -0.000334625
0.515 0.0097 -0.00733352 -0.000460349
0.52 0.0096 -0.00736896 -0.000573936
0.525 0.0095 -0.00740796 -0.000685432
0.53 0.0094 -0.00745929 -0.000782642
0.535 0.0093 -0.00751212 -0.000867658
0.54 0.0092 -0.00755106 -0.00094413
0.545 0.0091 -0.00759315 -0.0010005
0.55 0.009 -0.007624 -0.00105059
0.555 0.0089 -0.00763258 -0.00111565
0.56 0.0088 -0.00763608 -0.00118196
0.565 0.0087 -0.00763363 -0.00124204
0.57 0.0086 -0.00763121 -0.00128162
0.575 0.0085 -0.00762054 -0.00128339
0.58 0.0084 -0.00760492 -0.00127813
0.585 0.0083 -0.00757688 -0.0012601
0.59 0.0082 -0.00754594 -0.00124247
0.595 0.0081 -0.00750354 -0.00123689
0.6 0.008 -0.00744713 -0.00123316
0.605 0.0079 -0.00738432 -0.0012374
0.61 0.0078 -0.00733639 -0.00124352
0.615 0.0077 -0.0072842 -0.00124632
0.62 0.0076 -0.00722827 -0.0012525
0.625 0.0075 -0.0071759 -0.00125591
0.63 0.0074 -0.00713689 -0.00126125
0.635 0.0073 -0.00709427 -0.00127343
0.64 0.0072 -0.0070271 -0.00130287
0.645 0.0071 -0.00694957 -0.00131348
0.65 0.007 -0.00685396 -0.00131572
0.655 0.0069 -0.006757 -0.00133334
0.66 0.0068 -0.00666158 -0.00135327
0.665 0.0067 -0.00656553 -0.00135959
0.67 0.0066 -0.00647112 -0.00135029
0.675 0.0065 -0.00638202 -0.00136897
0.68 0.0064 -0.00627994 -0.00136651
0.685 0.0063 -0.0061833 -0.00136886
0.69 0.0062 -0.00606678 -0.00135131
0.695 0.0061 -0.00595191 -0.00132286
0.7 0.006 -0.00584353 -0.00131315
0.705 0.0059 -0.00575552 -0.00130936
0.71 0.0058 -0.00567652 -0.00129454
0.715 0.0057 -0.00559938 -0.00128678
0.72 0.0056 -0.00550651 -0.00127576
0.725 0.0055 -0.00540702 -0.00127843
0.73 0.0054 -0.00531619 -0.00129926
0.735 0.0053 -0.00522525 -0.0013257
0.74 0.0052 -0.00512934 -0.00134613
0.745 0.0051 -0.00502874 -0.00134383
0.75 0.005 -0.0049123 -0.00134121
0.755 0.0049 -0.00479997 -0.00133904
0.76 0.0048 -0.00468917 -0.00133283
0.765 0.0047 -0.00458193 -0.00134522
0.77 0.0046 -0.00447182 -0.00134831
0.775 0.0045 -0.00438168 -0.0013569
0.78 0.0044 -0.00427857 -0.00134092
0.785 0.0043 -0.00418763 -0.00133334
0.79 0.0042 -0.00409254 -0.00131644
0.795 0.0041 -0.00400005 -0.00130189
0.8 0.004 -0.00391186 -0.00129053
0.805 0.0039 -0.0038265 -0.00129018
0.81 0.0038 -0.00372495 -0.0012933
0.815 0.0037 -0.00360618 -0.00129982
0.82 0.0036 -0.00349991 -0.00132507
0.825 0.0035 -0.00340244 -0.00134513
0.83 0.0034 -0.00330086 -0.00135024
0.835 0.0033 -0.00319684 -0.00134544
0.84 0.0032 -0.00309909 -0.00134345
0.845 0.0031 -0.00300164 -0.00135158
0.85 0.003 -0.0028895 -0.00134284
0.855 0.0029 -0.00278635 -0.00133124
0.86 0.0028 -0.00268267 -0.00132876
0.865 0.0027 -0.00258679 -0.00132097
0.87 0.0026 -0.00248479 -0.00129735
0.875 0.0025 -0.00239291 -0.00128749
0.88 0.0024 -0.00232084 -0.00128928
0.885 0.0023 -0.00222692 -0.00130627
0.89 0.0022 -0.00213082 -0.00132529
0.895 0.0021 -0.00203501 -0.00135006
0.9 0.002 -0.0019112 -0.00135254
0.905 0.0019 -0.00178588 -0.0013478
0.91 0.0018 -0.00166841 -0.00134786
0.915 0.0017 -0.00156594 -0.00133503
0.92 0.0016 -0.00147275 -0.00132358
0.925 0.0015 -0.00138854 -0.00129943
0.93 0.0014 -0.00129982 -0.00130011
0.935 0.0013 -0.001206 -0.00131705
0.94 0.0012 -0.00111971 -0.00132213
0.945 0.0011 -0.00101059 -0.00133037
0.95 0.001 -0.000919037 -0.00133875
0.955 0.0009 -0.000820851 -0.00132941
0.96 0.000800001 -0.000718534 -0.00132954
0.965 0.000700001 -0.000607806 -0.00132376
0.97 0.000600001 -0.000491381 -0.00132191
0.975 0.000500001 -0.000372235 -0.00131233
0.98 0.000400001 -0.000263744 -0.00132361
0.985 0.000300001 -0.000168555 -0.00131982
0.99 0.000200002 -9.57062e-05 -0.00132275
0.995 9.99998e-05 0 -0.0013414
0 0 0 0
0.005 0.0001 9.16303e-05 0.000144546
0.01 0.0002 0.000183445 0.000285573
0.015 0.0003 0.000269514 0.000426517
0.02 0.0004 0.000348912 0.000558347
0.025 0.0005 0.000444791 0.000671621
0.03 0.0006 0.0005376 0.000774978
0.035 0.0007 0.000608236 0.000860231
0.04 0.0008 0.000707988 0.000944855
0.045 0.0009 0.000847605 0.00104381
0.05 0.001 0.000982547 0.00112846
0.055 0.0011 0.00112203 0.00119187
0.06 0.0012 0.00126341 0.00124248
0.065 0.0013 0.00139446 0.00128933
0.07 0.0014 0.00152066 0.00133493
0.075 0.0015 0.00164821 0.00135915
0.08 0.0016 0.00177777 0.0013796
0.085 0.0017 0.00189506 0.00139314
0.09 0.0018 0.0020052 0.00138256
0.095 0.0019 0.00211173 0.00137706
0.1 0.002 0.00222082 0.00136239
0.105 0.0021 0.00230988 0.00134626
0.11 0.0022 0.00236751 0.00134797
0.115 0.0023 0.00241735 0.00134999
0.12 0.0024 0.00246492 0.00135439
0.125 0.0025 0.00251739 0.00136314
0.13 0.0026 0.00254988 0.00138918
0.135 0.0027 0.00258145 0.00141828
0.14 0.0028 0.00263043 0.00144842
0.145 0.0029 0.00264677 0.001479
0.15 0.003 0.00266737 0.00149175
0.155 0.0031 0.00270791 0.00150509
0.16 0.0032 0.00273683 0.00151161
0.165 0.0033 0.00276307 0.00151887
0.17 0.0034 0.00278181 0.00151612
0.175 0.0035 0.0027953 0.00149598
0.18 0.0036 0.00281299 0.00148437
0.185 0.0037 0.0028381 0.00147743
0.19 0.0038 0.00285664 0.00147489
0.195 0.0039 0.00286897 0.00146264
0.2 0.004 0.00288048 0.00145359
0.205 0.0041 0.00287691 0.00145387
0.21 0.0042 0.00287567 0.00145824
0.215 0.0043 0.00286913 0.00145627
0.22 0.0044 0.00286249 0.00145739
0.225 0.0045 0.0028633 0.00147721
0.23 0.0046 0.00285334 0.00148344
0.235 0.0047 0.00285587 0.00149435
0.24 0.0048 0.00284599 0.00148223
0.245 0.0049 0.00286306 0.00147778
0.25 0.005 0.00285389 0.00146197
0.255 0.0051 0.00286305 0.00147934
0.26 0.0052 0.00286099 0.00147007
0.265 0.0053 0.00287633 0.00147458
0.27 0.0054 0.00287913 0.00147645
0.275 0.0055 0.00290007 0.00148253
0.28 0.0056 0.00289572 0.00147572
0.285 0.0057 0.0028929 0.00148084
0.29 0.0058 0.00288507 0.00145787
0.295 0.0059 0.00286586 0.00143553
0.3 0.006 0.00286566 0.00144111
0.305 0.0061 0.00286143 0.00145941
0.31 0.0062 0.00286844 0.00148142
0.315 0.0063 0.00287561 0.00149038
0.32 0.0064 0.00287701 0.00149987
0.325 0.0065 0.00288442 0.00151306
0.33 0.0066 0.00287721 0.00152795
0.335 0.0067 0.00287345 0.00152074
0.34 0.0068 0.00287383 0.00151162
0.345 0.0069 0.00287545 0.00150839
0.35 0.007 0.00288023 0.00149093
0.355 0.0071 0.00287927 0.00147725
0.36 0.0072 0.00287657 0.00145548
0.365 0.0073 0.00287654 0.0014314
0.37 0.0074 0.0028746 0.00141188
0.375 0.0075 0.0028621 0.00139399
0.38 0.0076 0.00285378 0.00138807
0.385 0.0077 0.00285374 0.00140061
0.39 0.0078 0.00286763 0.00141887
0.395 0.0079 0.00288049 0.00142764
0.4 0.008 0.0028766 0.0014501
0.405 0.0081 0.00288049 0.00148473
0.41 0.0082 0.00288269 0.00152157
0.415 0.0083 0.00289118 0.00154749
0.42 0.0084 0.00289734 0.00156011
0.425 0.0085 0.0028884 0.00157242
0.43 0.0086 0.00289968 0.00156741
0.435 0.0087 0.00290166 0.00156172
0.44 0.0088 0.00289441 0.00155309
0.445 0.0089 0.00288979 0.00153799
0.45 0.009 0.00286845 0.00153138
0.455 0.0091 0.00284978 0.00151197
0.46 0.0092 0.00282557 0.00149939
0.465 0.0093 0.00281834 0.00149365
0.47 0.0094 0.0028384 0.00147889
0.475 0.0095 0.00285391 0.00146649
0.48 0.0096 0.00286853 0.00143606
0.485 0.0097 0.00287151 0.00139277
0.49 0.0098 0.00287906 0.00135983
0.495 0.0099 0.00289539 0.00133756
0.5 0.01 0.00289303 0.00132065
0.505 0.0099 0.00288938 0.00129822
0.51 0.0098 0.00287872 0.0012807
0.515 0.0097 0.00287864 0.00126875
0.52 0.0096 0.00289115 0.00127841
0.525 0.0095 0.00287102 0.00130456
0.53 0.0094 0.00285973 0.00132366
0.535 0.0093 0.00288127 0.00136049
0.54 0.0092 0.00290188 0.00138807
0.545 0.0091 0.00291196 0.00140865
0.55 0.009 0.00291849 0.00144458
0.555 0.0089 0.00292063 0.00148922
0.56 0.0088 0.00291165 0.00155323
0.565 0.0087 0.00290804 0.00160635
0.57 0.0086 0.00289848 0.00165877
0.575 0.0085 0.00287631 0.00172533
0.58 0.0084 0.00286583 0.00178428
0.585 0.0083 0.00285502 0.00185604
0.59 0.0082 0.00285163 0.0019402
0.595 0.0081 0.00285173 0.00203326
0.6 0.008 0.00283993 0.00213651
0.605 0.0079 0.00283648 0.00223972
0.61 0.0078 0.00283338 0.00233693
0.615 0.0077 0.00283083 0.00242076
0.62 0.0076 0.00282195 0.00250185
0.625 0.0075 0.00281825 0.0025911
0.63 0.0074 0.00283502 0.00268402
0.635 0.0073 0.00283198 0.00276228
0.64 0.0072 0.0028211 0.00283761
0.645 0.0071 0.00281205 0.00292266
0.65 0.007 0.00279327 0.00301379
0.655 0.0069 0.00278408 0.0031252
0.66 0.0068 0.00278435 0.00323915
0.665 0.0067 0.00277896 0.00335663
0.67 0.0066 0.0027743 0.00347861
0.675 0.0065 0.00278011 0.00359004
0.68 0.0064 0.00277585 0.0036896
0.685 0.0063 0.00277344 0.00378561
0.69 0.0062 0.00277361 0.00388382
0.695 0.0061 0.00276805 0.00396421
0.7 0.006 0.00277599 0.0040478
0.705 0.0059 0.00278405 0.00413116
0.71 0.0058 0.00280038 0.00423216
0.715 0.0057 0.00281152 0.00434416
0.72 0.0056 0.00280932 0.00443059
0.725 0.0055 0.00281169 0.00452967
0.73 0.0054 0.00278815 0.00461576
0.735 0.0053 0.00276753 0.00471898
0.74 0.0052 0.00273259 0.00483066
0.745 0.0051 0.00272788 0.00495708
0.75 0.005 0.00271979 0.00504651
0.755 0.0049 0.00275229 0.00516353
0.76 0.0048 0.00275814 0.005277
0.765 0.0047 0.0027788 0.00539012
0.77 0.0046 0.00277884 0.00547887
0.775 0.0045 0.00277556 0.0055811
0.78 0.0044 0.00277941 0.00566333
0.785 0.0043 0.0027806 0.00576006
0.79 0.0042 0.00278246 0.00587163
0.795 0.0041 0.00278478 0.00597343
0.8 0.004 0.00277929 0.00605507
0.805 0.0039 0.0027613 0.00612651
0.81 0.0038 0.00274155 0.00621297
0.815 0.0037 0.00272312 0.00629621
0.82 0.0036 0.00270153 0.00638478
0.825 0.0035 0.00267975 0.00648186
0.83 0.0034 0.00266779 0.00659699
0.835 0.0033 0.00264738 0.00672359
0.84 0.0032 0.00261314 0.00684605
0.845 0.0031 0.00259456 0.00695935
0.85 0.003 0.0025796 0.00706321
0.855 0.0029 0.00256285 0.00717137
0.86 0.0028 0.00254712 0.00726891
0.865 0.0027 0.00251392 0.00737312
0.87 0.0026 0.00247643 0.00748162
0.875 0.0025 0.00243792 0.00757429
0.88 0.0024 0.00239943 0.00766256
0.885 0.0023 0.00235025 0.00774288
0.89 0.0022 0.00227166 0.00782466
0.895 0.0021 0.00218716 0.00790768
0.9 0.002 0.00209741 0.00799029
0.905 0.0019 0.00198903 0.00805434
0.91 0.0018 0.0018758 0.00809652
0.915 0.0017 0.00175466 0.00814982
0.92 0.0016 0.00163443 0.00819824
0.925 0.0015 0.00152635 0.0082513
0.93 0.0014 0.0014038 0.00831738
0.935 0.0013 0.0012779 0.00838148
0.94 0.0012 0.00115701 0.0084569
0.945 0.0011 0.00102143 0.00852304
0.95 0.001 0.000884734 0.00857746
0.955 0.0009 0.000766079 0.00862587
0.96 0.000800001 0.000661528 0.00866199
0.965 0.000700001 0.000570459 0.00870412
0.97 0.000600001 0.000481729 0.00874873
0.975 0.000500001 0.00036859 0.00879147
0.98 0.000400001 0.00026712 0.0088314
0.985 0.000300001 0.000188497 0.00886361
0.99 0.000200002 9.78043e-05 0.0088845
0.995 9.99998e-05 0 0.00889307
